종목코드,종목명,시작일 기준가,종료일 종가,대비,등락률,거래량,거래대금
"060310","3S","2885","2905","20","0.69","13177836","39300297225"
"095570","AJ네트웍스","6520","7840","1320","20.25","2253726","17060143290"
"006840","AK홀딩스","16250","16350","100","0.62","264059","4266712500"
"054620","APS홀딩스","8190","10450","2260","27.59","1935862","18932382560"
"265520","AP시스템","16900","18550","1650","9.76","1540303","26953168000"
"211270","AP위성","11500","11750","250","2.17","6624616","79409609450"
"027410","BGF","4170","4315","145","3.48","2868598","12021837270"
"282330","BGF리테일","189500","172500","-17000","-8.97","807710","146343809000"
"032790","BNGT","4075","4075","0","0.00","0","0"
"138930","BNK금융지주","6630","6800","170","2.56","21579163","142863944376"
"001460","BYC","404500","416000","11500","2.84","2064","853853000"
"001465","BYC우","157000","156000","-1000","-0.64","1365","212689500"
"013720","CBI","1365","1965","600","43.96","50335337","102706547100"
"001040","CJ","77700","80100","2400","3.09","601236","47243137500"
"079160","CJ CGV","21950","21350","-600","-2.73","4700635","98929823150"
"035760","CJ ENM","95800","100900","5100","5.32","1874234","187219088800"
"311690","CJ 바이오사이언스","31450","34700","3250","10.33","434456","14608071850"
"00104K","CJ4우(전환)","70400","71500","1100","1.56","157761","11071737000"
"000120","CJ대한통운","122000","125500","3500","2.87","1114537","130109303000"
"011150","CJ씨푸드","3190","3405","215","6.74","7054874","24042752380"
"011155","CJ씨푸드1우","29750","28550","-1200","-4.03","5054","142095550"
"001045","CJ우","48050","49600","1550","3.23","41107","1979119600"
"097950","CJ제일제당","389000","419000","30000","7.71","970086","392402224500"
"097955","CJ제일제당 우","165500","176500","11000","6.65","30769","5272486000"
"051500","CJ프레시웨이","39150","40300","1150","2.94","1792396","68597285500"
"058820","CMG제약","2620","2855","235","8.97","12379849","33910077915"
"023460","CNH","1795","1935","140","7.80","339775","635750640"
"056730","CNT85","3100","3100","0","0.00","0","0"
"065770","CS","2095","2215","120","5.73","4619929","10324647455"
"083660","CSA 코스믹","1525","1435","-90","-5.90","957365","1401285400"
"000590","CS홀딩스","59400","66400","7000","11.78","231076","15057853500"
"012030","DB","797","832","35","4.39","5321464","4322473127"
"404950","DB금융스팩10호","2100","2095","-5","-0.24","229014","483326905"
"367340","DB금융스팩8호","2135","2130","-5","-0.23","249157","528821720"
"367360","DB금융스팩9호","2155","2125","-30","-1.39","197265","417593585"
"016610","DB금융투자","5020","5240","220","4.38","672040","3373775760"
"005830","DB손해보험","58200","62800","4600","7.90","3207276","197298058455"
"000990","DB하이텍","49000","42950","-6050","-12.35","20487983","888902801000"
"000995","DB하이텍1우","93700","71100","-22600","-24.12","8669","703823900"
"139130","DGB금융지주","7790","7600","-190","-2.44","7817403","59422766580"
"001530","DI동일","16100","19900","3800","23.60","2039329","36058460100"
"000210","DL","67300","68500","1200","1.78","2712859","180228479200"
"001880","DL건설","20750","21950","1200","5.78","447958","9545634250"
"000215","DL우","39100","39800","700","1.79","41601","1641577800"
"375500","DL이앤씨","40250","44000","3750","9.32","4783461","193734449500"
"37550L","DL이앤씨2우(전환)","34250","34950","700","2.04","47013","1600570450"
"37550K","DL이앤씨우","28550","29900","1350","4.73","68412","1969161650"
"068790","DMS","5050","5590","540","10.69","1201203","6451688955"
"007340","DN오토모티브","53000","56000","3000","5.66","411587","21955258650"
"004840","DRB동일","4520","4615","95","2.10","270613","1231854980"
"241520","DSC인베스트먼트","4180","4640","460","11.00","6333699","29010170450"
"155660","DSR","5400","6150","750","13.89","1674609","9566487650"
"069730","DSR제강","4795","5360","565","11.78","1245068","6228753785"
"017940","E1","44950","45100","150","0.33","188778","8316612400"
"245620","EDGC","3280","2845","-435","-13.26","44152119","150264143375"
"037370","EG","9200","10550","1350","14.67","805195","7955725360"
"278990","EMB","5490","5990","500","9.11","17863","90538320"
"365550","ESR켄달스퀘어리츠","5460","5530","70","1.28","5017996","26377141814"
"050120","ES큐브","3900","3840","-60","-1.54","786736","3069475895"
"084180","EV수성","1525","1375","-150","-9.84","22198626","32980414925"
"383220","F&F","138000","156500","18500","13.41","2722586","407203915000"
"007700","F&F홀딩스","18800","19850","1050","5.59","795556","15542322400"
"214270","FSN","4420","5050","630","14.25","21216456","111279058110"
"130500","GH신소재","4910","4955","45","0.92","30713118","171286260795"
"114090","GKL","13950","15000","1050","7.53","5024763","71212482900"
"900290","GRT","1240","1300","60","4.84","2698047","3443414950"
"078930","GS","39650","42800","3150","7.94","3839489","154649317400"
"083450","GST","21750","21800","50","0.23","1598689","35049815000"
"006360","GS건설","29550","32000","2450","8.29","15673610","462471346450"
"001250","GS글로벌","3240","3900","660","20.37","229914232","842535559495"
"007070","GS리테일","25500","25700","200","0.78","4902886","120573127100"
"078935","GS우","34550","35050","500","1.45","59451","2034040000"
"297890","HB솔루션","13100","13600","500","3.82","1159007","15437784400"
"078150","HB테크놀러지","1865","2030","165","8.85","13783394","27851370615"
"012630","HDC","6540","6950","410","6.27","1232166","8254322920"
"039570","HDC랩스","8460","8810","350","4.14","890109","8271685980"
"089470","HDC현대EP","3865","4250","385","9.96","435711","1763662170"
"294870","HDC현대산업개발","11450","13100","1650","14.41","6961384","82938372700"
"267250","HD현대","52900","58300","5400","10.21","3179734","171887836350"
"097230","HJ중공업","6800","6870","70","1.03","279158","1900593420"
"195940","HK이노엔","40150","43800","3650","9.09","12458170","531287454050"
"028300","HLB","40300","47750","7450","18.49","26071958","1143570468600"
"003580","HLB글로벌","10100","9680","-420","-4.16","13465440","131725318350"
"343090","HLB사이언스","4100","4180","80","1.95","320386","1244809835"
"067630","HLB생명과학","13000","14250","1250","9.62","26078979","348258027900"
"047920","HLB제약","15650","16550","900","5.75","7832322","119604998650"
"115450","HLB테라퓨틱스","13400","12100","-1300","-9.70","5134272","64163049300"
"011200","HMM","25100","25200","100","0.40","39477767","956470727700"
"036640","HRS","6190","6730","540","8.72","2680350","16963176220"
"082740","HSD엔진","7298","8690","1392","19.07","9071566","80548129080"
"335870","IBKS제12호스팩","2460","2885","425","17.28","6092158","15363889685"
"351340","IBKS제13호스팩","2030","2020","-10","-0.49","1339590","2762906440"
"388790","IBKS제16호스팩","2225","2225","0","0.00","0","0"
"405350","IBKS제17호스팩","2280","2270","-10","-0.44","458966","1052115535"
"003560","IHQ","719","727","8","1.11","11359504","8565334931"
"095340","ISC","32550","31450","-1100","-3.38","4493218","148292342450"
"099520","ITX-AI","1285","1285","0","0.00","0","0"
"175330","JB금융지주","7130","7370","240","3.37","5819704","42453104220"
"950170","JTC","2845","2695","-150","-5.27","658794","1773222240"
"234080","JW생명과학","13350","13700","350","2.62","271302","3691598000"
"067290","JW신약","3845","4140","295","7.67","8716246","35800346970"
"001060","JW중외제약","24050","23050","-1000","-4.16","1744942","42547898000"
"001067","JW중외제약2우B","70300","70500","200","0.28","2852","202825700"
"001065","JW중외제약우","36600","36550","-50","-0.14","5644","203467550"
"096760","JW홀딩스","3360","3465","105","3.13","707101","2444308695"
"035900","JYP Ent.","53400","57700","4300","8.05","8272153","463504721600"
"318000","KBG","5930","6630","700","11.80","1030952","6448562090"
"024840","KBI메탈","1715","1835","120","7.00","2627695","4730403435"
"105560","KB금융","47000","51300","4300","9.15","25560364","1214843554251"
"024120","KB오토시스","5620","5470","-150","-2.67","1318245","7139320200"
"002380","KCC","287500","306500","19000","6.61","773088","225618946000"
"021320","KCC건설","6870","7260","390","5.68","422719","2904327200"
"344820","KCC글라스","44800","49400","4600","10.27","494574","22803696700"
"036670","KCI","8190","8890","700","8.55","209919","1806397670"
"009070","KCTC","4460","5180","720","16.14","8301389","43674474240"
"009440","KC그린홀딩스","5020","4950","-70","-1.39","2667561","13058771400"
"112190","KC산업","3420","3695","275","8.04","15758","53561315"
"119650","KC코트렐","4230","4620","390","9.22","1189764","5274784220"
"044180","KD","1035","1075","40","3.86","1594172","1629817475"
"092220","KEC","2545","2730","185","7.27","44116617","119288307330"
"151860","KG ETS","15850","15700","-150","-0.95","27284944","418973226950"
"046440","KG모빌리언스","7130","7300","170","2.38","3764273","26304474710"
"016380","KG스틸","13150","12650","-500","-3.80","14617525","181976098750"
"035600","KG이니시스","13700","14150","450","3.28","2478181","33964060950"
"001390","KG케미칼","26100","29100","3000","11.49","7654410","216881717250"
"226360","KH 건설","919","868","-51","-5.55","171574343","151970374549"
"111870","KH 전자","753","816","63","8.37","34546828","26662534471"
"033180","KH 필룩스","1525","1515","-10","-0.66","17066882","25274876800"
"060720","KH바텍","18200","19550","1350","7.42","4505588","90754864300"
"001940","KISCO홀딩스","14050","14250","200","1.42","409115","5713995850"
"058400","KNN","1010","1070","60","5.94","7207328","7517711034"
"114450","KPX생명과학","5280","5590","310","5.87","26525485","170875886750"
"025000","KPX케미칼","47950","51300","3350","6.99","49775","2463250500"
"092230","KPX홀딩스","59600","60500","900","1.51","15296","913980600"
"000040","KR모터스","633","717","84","13.27","57436096","44577416631"
"044450","KSS해운","9650","10950","1300","13.47","687488","6888911130"
"030200","KT","36650","38350","1700","4.64","16065307","603057777975"
"033780","KT&G","80700","81000","300","0.37","5092633","414466958400"
"058850","KTcs","2015","2395","380","18.86","19628484","45167125925"
"058860","KTis","2595","2815","220","8.48","7388702","19826742650"
"060370","KT서브마린","6450","6980","530","8.22","13931781","94876970100"
"122450","KX","7690","7860","170","2.21","984070","7498787390"
"052900","KX하이텍","1380","1500","120","8.70","10257928","15317221960"
"093050","LF","16150","17000","850","5.26","947916","15711126900"
"003550","LG","78400","81800","3400","4.34","3570979","281286401200"
"034220","LG디스플레이","15250","16500","1250","8.20","28478141","435311342050"
"051900","LG생활건강","714000","740000","26000","3.64","1245087","923968934271"
"051905","LG생활건강우","330500","363500","33000","9.98","109367","38339071000"
"373220","LG에너지솔루션","388000","468500","80500","20.75","12435265","5094887854000"
"003555","LG우","61400","62800","1400","2.28","40658","2505399100"
"032640","LG유플러스","12300","12600","300","2.44","15676172","193394918858"
"011070","LG이노텍","338000","342000","4000","1.18","4877835","1681241304500"
"066570","LG전자","92000","96800","4800","5.22","13323779","1242455975900"
"066575","LG전자우","44800","47150","2350","5.25","397932","18189538200"
"037560","LG헬로비전","5610","5480","-130","-2.32","12399241","70106378690"
"051910","LG화학","540000","668000","128000","23.70","6111773","3549642207491"
"051915","LG화학우","254500","326000","71500","28.09","328385","92236886558"
"079550","LIG넥스원","69400","89800","20400","29.39","5632576","466725773800"
"006260","LS","55400","62300","6900","12.45","3062774","170254990200"
"010120","LS ELECTRIC","53200","58800","5600","10.53","3551489","194756839700"
"000680","LS네트웍스","2650","3135","485","18.30","1866081","5572994995"
"229640","LS전선아시아","6920","7380","460","6.65","5772477","42466912950"
"108320","LX세미콘","95500","93000","-2500","-2.62","4567864","428321175800"
"001120","LX인터내셔널","29600","33600","4000","13.51","5916402","184339110800"
"108670","LX하우시스","42100","45300","3200","7.60","530885","22770106650"
"108675","LX하우시스우","20400","21700","1300","6.37","64992","1309437200"
"383800","LX홀딩스","8950","8690","-260","-2.91","2971335","25755252900"
"38380K","LX홀딩스1우","12150","12250","100","0.82","67920","813995350"
"023150","MH에탄올","8550","9090","540","6.32","3313123","31559357070"
"035420","NAVER","249000","269000","20000","8.03","14918041","3764089817094"
"160550","NEW","7150","8480","1330","18.60","7342086","57679320520"
"053290","NE능률","5410","5640","230","4.25","20899550","135683569100"
"181710","NHN","27650","29400","1750","6.33","2255148","63832170200"
"104200","NHN벅스","9070","9290","220","2.43","6656432","63733629640"
"060250","NHN한국사이버결제","12850","13600","750","5.84","14099790","195624580650"
"400760","NH올원리츠","4540","4630","90","1.98","1099528","4900739510"
"005940","NH투자증권","9230","10000","770","8.34","12921784","122570452620"
"005945","NH투자증권우","9210","9910","700","7.60","732726","6959313870"
"338100","NH프라임리츠","4660","4670","10","0.21","621581","2857030165"
"034310","NICE","14600","13400","-1200","-8.22","1154415","16116048300"
"030190","NICE평가정보","14250","16650","2400","16.84","2072300","31392252233"
"008260","NI스틸","4850","5030","180","3.71","2525592","12512975410"
"004250","NPC","8770","9730","960","10.95","38242358","364719504570"
"004255","NPC우","4725","5060","335","7.09","6618143","34763625250"
"010060","OCI","127000","127000","0","0.00","14208300","1668216565000"
"178920","PI첨단소재","33850","38700","4850","14.33","2486245","88664134700"
"024940","PN풍년","4910","5710","800","16.29","4705722","24253562235"
"005490","POSCO홀딩스","231000","255000","24000","10.39","5991884","1404352243630"
"218410","RFHIC","21900","23700","1800","8.22","2139549","48243208350"
"327260","RF머트리얼즈","11150","10800","-350","-3.14","349084","3845209300"
"091340","S&K폴리텍","4235","4500","265","6.26","192489","836259660"
"010950","S-Oil","93000","86600","-6400","-6.88","9544299","855098856072"
"010955","S-Oil우","58000","56700","-1300","-2.24","301290","17279636700"
"019550","SBI인베스트먼트","1550","1470","-80","-5.16","20759711","30157845460"
"950110","SBI핀테크솔루션즈","4305","4820","515","11.96","125889","579343350"
"034120","SBS","42600","43700","1100","2.58","938306","39057479100"
"046140","SBS콘텐츠허브","6030","7040","1010","16.75","2106143","14843718340"
"151910","SBW생명과학","3800","3240","-560","-14.74","5400583","19319761540"
"036120","SCI평가정보","3340","2970","-370","-11.08","18460338","62573491370"
"099220","SDN","2510","3025","515","20.52","276135526","810012833665"
"036540","SFA반도체","5140","5340","200","3.89","34591645","185262708605"
"255220","SG","1595","1780","185","11.60","25951483","47939704805"
"040610","SG&G","1995","2145","150","7.52","9361255","20003776770"
"049470","SGA","943","938","-5","-0.53","4114267","3861802264"
"184230","SGA솔루션즈","865","983","118","13.64","36955153","37738675369"
"005090","SGC에너지","33600","38450","4850","14.43","1513580","54127615950"
"016250","SGC이테크건설","43500","50100","6600","15.17","114076","5302476550"
"001380","SG글로벌","1360","1495","135","9.93","2802501","4143899990"
"004060","SG세계물산","560","618","58","10.36","16707451","9838865542"
"001770","SHD","30050","32100","2050","6.82","200757","6097417700"
"002360","SH에너지화학","1000","1110","110","11.00","104076959","111326724247"
"009160","SIMPAC","6250","6550","300","4.80","2782537","17458508050"
"123700","SJM","3500","3665","165","4.71","187805","677010500"
"025530","SJM홀딩스","3005","3125","120","3.99","1323147","4005321095"
"034730","SK","208500","228500","20000","9.59","2524053","544029403988"
"337450","SK5호스팩","5040","3410","-1630","-32.34","64370021","322737547900"
"340350","SK6호스팩","2265","2115","-150","-6.62","7888943","17130508965"
"011790","SKC","132000","132500","500","0.38","4335214","571080848000"
"018670","SK가스","112000","116500","4500","4.02","261415","29193387000"
"001740","SK네트웍스","4250","4370","120","2.82","8246683","35953805420"
"001745","SK네트웍스우","57600","61800","4200","7.29","5168","304124400"
"006120","SK디스커버리","34800","36350","1550","4.45","337116","11982132900"
"006125","SK디스커버리우","30250","30800","550","1.82","35948","1095984850"
"210980","SK디앤디","24800","28300","3500","14.11","461193","11753086200"
"068400","SK렌터카","8260","8840","580","7.02","3411444","31779903420"
"395400","SK리츠","5710","5450","-260","-4.55","6705116","35980449630"
"302440","SK바이오사이언스","140000","124000","-16000","-11.43","20587651","2813013896500"
"326030","SK바이오팜","78800","80700","1900","2.41","2091983","164581427800"
"402340","SK스퀘어","39800","43500","3700","9.30","6696943","278237826370"
"260870","SK시그넷","48350","51100","2750","5.69","156515","8099750900"
"361610","SK아이이테크놀로지","82000","94400","12400","15.12","11046251","930067298800"
"03473K","SK우","184500","196000","11500","6.23","13630","2532406000"
"096770","SK이노베이션","171500","194000","22500","13.12","8269122","1492175147000"
"096775","SK이노베이션우","110500","120000","9500","8.60","44815","5114379500"
"001510","SK증권","726","773","47","6.47","21302465","15883950514"
"001515","SK증권우","2980","3095","115","3.86","113318","341043145"
"285130","SK케미칼","102000","106500","4500","4.41","1318413","138071755500"
"28513K","SK케미칼우","51700","53100","1400","2.71","141066","7452436400"
"017670","SK텔레콤","54000","52500","-1500","-2.78","11027484","591074514601"
"000660","SK하이닉스","94800","94300","-500","-0.53","66379254","6489396598362"
"048550","SM C&C","3350","4085","735","21.94","50767526","197722383580"
"063440","SM Life Design","2130","2400","270","12.68","20466299","48253846500"
"064960","SNT모티브","41000","41950","950","2.32","807548","34670765750"
"100840","SNT에너지","16550","17900","1350","8.16","610439","9926855850"
"003570","SNT중공업","6800","9100","2300","33.82","11014027","92313277620"
"036530","SNT홀딩스","15450","15600","150","0.97","495246","7930377800"
"005610","SPC삼립","80900","86300","5400","6.67","308189","25184828200"
"011810","STX","3275","3535","260","7.94","764511","2524093850"
"077970","STX엔진","13200","15750","2550","19.32","2818227","40856042600"
"071970","STX중공업","4260","4685","425","9.98","1447799","6264325595"
"002820","SUN&L","4590","4545","-45","-0.98","281817","1256644730"
"289080","SV인베스트먼트","2655","2910","255","9.60","21152322","62257846750"
"084870","TBH글로벌","1980","2045","65","3.28","1930035","3926371400"
"002710","TCC스틸","12600","14250","1650","13.10","16828316","228590433450"
"089230","THE E&M","456","543","87","19.08","32062578","17263229634"
"161570","THE MIDONG","1235","1255","20","1.62","759884","936618160"
"192410","THQ","4765","4550","-215","-4.51","8046606","38637951875"
"032540","TJ미디어","5830","6630","800","13.72","3430336","22069251320"
"022220","TKG애강","1880","1870","-10","-0.53","26631062","51804212500"
"069260","TKG휴켐스","19900","20150","250","1.26","3187000","62406734200"
"048770","TPC","4795","4875","80","1.67","15427126","75938768930"
"246690","TS인베스트먼트","2580","2345","-235","-9.11","34376993","83262057860"
"317240","TS트릴리온","853","874","21","2.46","7628186","6459716185"
"002900","TYM","2510","2445","-65","-2.59","166560471","428761609435"
"038340","UCI","1335","1335","0","0.00","0","0"
"073570","WI","1020","916","-104","-10.20","13746331","13590876313"
"024070","WISCOM","3300","3195","-105","-3.18","373519","1192174435"
"057030","YBM넷","4060","4695","635","15.64","16881527","87176905000"
"037270","YG PLUS","5470","6840","1370","25.05","17981707","112260978320"
"040300","YTN","3650","3620","-30","-0.82","276455","993626070"
"051390","YW","3680","3850","170","4.62","217902","814766475"
"052220","iMBC","3180","3460","280","8.81","1174543","3810626190"
"079940","가비아","11100","12250","1150","10.36","438156","5094724300"
"078890","가온미디어","8470","8370","-100","-1.18","3986600","33844196980"
"000500","가온전선","23150","21000","-2150","-9.29","386197","8465444800"
"399720","가온칩스","24650","27100","2450","9.94","13104812","337354799550"
"036620","감성코퍼레이션","1625","1770","145","8.92","9776355","16985002960"
"000860","강남제비스코","21050","23400","2350","11.16","152929","3427802750"
"217730","강스템바이오텍","2845","3950","1105","38.84","5095779","18012886700"
"035250","강원랜드","25450","25600","150","0.59","10577691","262102746350"
"114190","강원에너지","6370","5140","-1230","-19.31","6890606","38227649530"
"094480","갤럭시아머니트리","6080","7510","1430","23.52","39276236","301892473750"
"011420","갤럭시아에스엠","1865","2035","170","9.12","7105590","13858427495"
"039240","경남스틸","3275","3630","355","10.84","2917661","9835758560"
"053950","경남제약","2655","2545","-110","-4.14","19817068","57489811635"
"002100","경농","10850","11650","800","7.37","947141","10557368100"
"009450","경동나비엔","38450","39000","550","1.43","768284","30225849500"
"267290","경동도시가스","20550","23750","3200","15.57","1340171","30472306100"
"012320","경동인베스트","34000","34450","450","1.32","63629","2228362650"
"011040","경동제약","8930","8850","-80","-0.90","1658854","15050895630"
"000050","경방","12300","13200","900","7.32","107964","1389831650"
"214390","경보제약","7140","7180","40","0.56","278343","2000948760"
"012610","경인양행","5460","6040","580","10.62","2972564","17183561810"
"009140","경인전자","25500","27850","2350","9.22","74441","1962512300"
"024910","경창산업","2430","2610","180","7.41","1051702","2656074945"
"013580","계룡건설","25000","26100","1100","4.40","952260","23050674050"
"012200","계양전기","3060","3305","245","8.01","4630320","15195227750"
"012205","계양전기우","6670","5870","-800","-11.99","429588","2711326430"
"002140","고려산업","7070","4890","-2180","-30.83","29969848","180880296940"
"198440","고려시멘트","3450","3715","265","7.68","30133471","112863972740"
"049720","고려신용정보","11600","10550","-1050","-9.05","18626033","222270201800"
"010130","고려아연","463000","586000","123000","26.57","1110680","555404446000"
"002240","고려제강","20400","21550","1150","5.64","627569","12877624850"
"014570","고려제약","7700","8150","450","5.84","634117","5091814380"
"348150","고바이오랩","12750","13950","1200","9.41","744221","10185421800"
"098460","고영","13450","14700","1250","9.29","4813038","66770359555"
"035290","골드앤에스","2410","2430","20","0.83","9288266","24481277340"
"038530","골드퍼시픽","674","665","-9","-1.34","49896197","38839881195"
"900280","골든센츄리","371","384","13","3.50","35613319","14222041879"
"215000","골프존","139900","138600","-1300","-0.93","971237","135785321400"
"121440","골프존뉴딘홀딩스","7050","6930","-120","-1.70","885375","6041207110"
"183410","골프존데카","4390","4480","90","2.05","14412","61098520"
"366030","공구우먼","31600","11350","-20250","-64.08","34582850","514081618550"
"076340","관악산업","6700","6990","290","4.33","31564","165029030"
"009290","광동제약","6390","6710","320","5.01","8298754","57424946660"
"014200","광림","1490","1440","-50","-3.36","28626834","41120861315"
"017040","광명전기","3170","2940","-230","-7.26","19572966","58810902560"
"029480","광무","2855","3680","825","28.90","3798763","13971763490"
"017900","광전자","2260","2450","190","8.41","1609706","3773307410"
"037710","광주신세계","33300","33600","300","0.90","108041","3559838650"
"026910","광진실업","4895","5790","895","18.28","1254683","7077970135"
"355150","교보10호스팩","2240","2240","0","0.00","245621","549751790"
"397880","교보11호스팩","2145","2130","-15","-0.70","324126","696562715"
"421800","교보12호스팩","2105","2115","10","0.48","456236","966155490"
"331520","교보9호스팩","2470","2250","-220","-8.91","23923489","60281947135"
"030610","교보증권","6350","6440","90","1.42","727916","4553459020"
"339770","교촌에프앤비","11800","12150","350","2.97","750852","8919176050"
"053270","구영테크","3275","3360","85","2.60","17952990","61402839225"
"007690","국도화학","48850","51800","2950","6.04","549045","27085520750"
"005320","국동","1785","1805","20","1.12","27887029","55445008535"
"001140","국보","1190","1075","-115","-9.66","21101212","23741971230"
"066620","국보디자인","17000","17750","750","4.41","400169","6956616000"
"043650","국순당","8830","9390","560","6.34","1321070","11985442510"
"006050","국영지앤엠","1530","1635","105","6.86","10973097","18343714365"
"060480","국일신동","2970","3690","720","24.24","16502933","65109103370"
"078130","국일제지","2615","2710","95","3.63","9157556","23896104855"
"307750","국전약품","7380","8080","700","9.49","71981382","659759318080"
"002720","국제약품","5770","5580","-190","-3.29","11426729","67001210320"
"243870","굿센","15000","15500","500","3.33","2899","45532350"
"035080","그래디언트","18000","19550","1550","8.61","1637375","30042434500"
"204020","그리티","3145","3325","180","5.72","5766784","19032123675"
"083420","그린케미칼","7080","8970","1890","26.69","24555109","220254762230"
"186230","그린플러스","12000","13450","1450","12.08","882069","11189858500"
"014530","극동유화","3615","3770","155","4.29","2450578","8930757185"
"900070","글로벌에스엠","800","777","-23","-2.88","8045315","6393143990"
"204620","글로벌텍스프리","2475","2430","-45","-1.82","4779100","12500372015"
"019660","글로본","2490","2920","430","17.27","6087158","16546517100"
"014280","금강공업","7140","7440","300","4.20","2078716","14641762510"
"014285","금강공업우","12900","13050","150","1.16","26208","334139250"
"053260","금강철강","7120","7080","-40","-0.56","1958869","13531381700"
"008870","금비","71100","71000","-100","-0.14","49926","3735931400"
"001570","금양","5200","10350","5150","99.04","281323835","2429289641890"
"002990","금호건설","8010","8780","770","9.61","1227006","10076573140"
"002995","금호건설우","26550","28800","2250","8.47","6268","168280900"
"011780","금호석유","138000","133500","-4500","-3.26","2370323","298642647500"
"011785","금호석유우","87600","90100","2500","2.85","201289","17029218500"
"214330","금호에이치티","1290","1215","-75","-5.81","26655716","34403048000"
"001210","금호전기","1400","1410","10","0.71","4295794","5892088505"
"073240","금호타이어","3475","3730","255","7.34","5427569","19175998570"
"036190","금화피에스시","29850","30150","300","1.01","54333","1600380900"
"049080","기가레인","1525","1610","85","5.57","10960477","17302099785"
"035460","기산텔레콤","3425","4060","635","18.54","31633381","117921857130"
"092440","기신정기","3485","3750","265","7.60","371116","1336444075"
"000270","기아","76800","80700","3900","5.08","28786398","2324842954256"
"024110","기업은행","9210","9590","380","4.13","20156394","186797979540"
"013700","까뮤이앤씨","1910","2385","475","24.87","74242327","170763511705"
"308100","까스텔바작","9980","11050","1070","10.72","18348076","192679066830"
"004540","깨끗한나라","3505","3705","200","5.71","3473967","12769374140"
"004545","깨끗한나라우","19300","20050","750","3.89","7263","139719400"
"187790","나노","1095","1210","115","10.50","2422002","2817688125"
"286750","나노브릭","2065","2330","265","12.83","5610448","12823622655"
"121600","나노신소재","72100","88700","16600","23.02","4275416","343123722300"
"247660","나노씨엠에스","34500","30950","-3550","-10.29","4703513","165484399100"
"039860","나노엔텍","5440","5580","140","2.57","20762083","129341008260"
"091970","나노캠텍","1610","1610","0","0.00","0","0"
"244880","나눔테크","3035","3075","40","1.32","1345","3987535"
"288490","나라소프트","145","125","-20","-13.79","343399","43368245"
"051490","나라엠앤디","6420","7420","1000","15.58","5640905","40253589000"
"137080","나래나노텍","9110","9060","-50","-0.55","4410897","42244106080"
"190510","나무가","9430","10150","720","7.64","3544670","35823715090"
"242040","나무기술","1790","2050","260","14.53","21816234","47043801710"
"089600","나스미디어","22800","25700","2900","12.72","455357","11153942900"
"293580","나우IB","8550","8580","30","0.35","1359750","12257259010"
"257990","나우코스","5880","7100","1220","20.75","21210","137083670"
"138610","나이벡","24000","23900","-100","-0.42","1064322","26225149850"
"130580","나이스디앤비","7310","7900","590","8.07","788984","6710038180"
"036800","나이스정보통신","25200","26100","900","3.57","692449","17979865150"
"267320","나인테크","3605","3990","385","10.68","46489726","179612799865"
"001260","남광토건","11350","11550","200","1.76","2040800","22474075440"
"008350","남선알미늄","2130","2265","135","6.34","62411366","141400502700"
"008355","남선알미우","22050","23800","1750","7.94","81168","1903588500"
"004270","남성","2260","2440","180","7.96","2522804","6133389405"
"003920","남양유업","369500","386500","17000","4.60","12559","4659448500"
"003925","남양유업우","199500","213000","13500","6.77","2112","430134000"
"025860","남해화학","9650","10050","400","4.15","9839514","94999113650"
"111710","남화산업","7450","8080","630","8.46","190851","1453864540"
"091590","남화토건","7480","7890","410","5.48","1514126","11964092180"
"168330","내츄럴엔도텍","4265","4870","605","14.19","1047781","5103309255"
"094860","네오리진","717","736","19","2.65","22121152","17344269563"
"253590","네오셈","3430","3325","-105","-3.06","3533311","12081988095"
"212560","네오오토","6050","7470","1420","23.47","6222213","46418725900"
"095660","네오위즈","25900","28150","2250","8.69","7606925","209793669150"
"042420","네오위즈홀딩스","29450","32850","3400","11.54","2315364","74513412300"
"950220","네오이뮨텍","4520","5200","680","15.04","58804034","301829330190"
"311390","네오크레마","13800","14000","200","1.45","1849623","28313150100"
"085910","네오티스","5010","5470","460","9.18","1777244","9242593215"
"092730","네오팜","20150","20400","250","1.24","233056","4770486100"
"290660","네오펙트","2095","2190","95","4.53","1755943","3968769060"
"306620","네온테크","4405","4490","85","1.93","41377082","191559348680"
"153460","네이블","7180","7400","220","3.06","193343","1449537630"
"007390","네이처셀","18950","23150","4200","22.16","23835675","549162931500"
"033640","네패스","19250","20350","1100","5.71","2405537","46899367650"
"330860","네패스아크","28550","29100","550","1.93","846392","24097243250"
"005720","넥센","3470","3640","170","4.90","258280","916669200"
"005725","넥센우","3085","3030","-55","-1.78","88164","257116610"
"002350","넥센타이어","5520","6490","970","17.57","3032171","18837364720"
"002355","넥센타이어1우B","2745","2905","160","5.83","392772","1075617965"
"089140","넥스턴바이오","2785","3355","570","20.47","57068014","194564347710"
"137940","넥스트아이","720","742","22","3.06","5229374","3953358130"
"396270","넥스트칩","14700","11000","-3700","-25.17","16803513","216928262850"
"348210","넥스틴","59000","56000","-3000","-5.08","1414347","85743127300"
"225570","넥슨게임즈","17450","22350","4900","28.08","21026779","435593908800"
"217270","넵튠","11650","15000","3350","28.76","7422993","115079585100"
"251270","넷마블","68700","71900","3200","4.66","4594464","323001821200"
"317860","노드메이슨","7300","8490","1190","16.30","2084","15469890"
"104620","노랑풍선","8230","7750","-480","-5.83","1262843","9540235280"
"090350","노루페인트","8360","9840","1480","17.70","5079067","47545360790"
"090355","노루페인트우","15000","17400","2400","16.00","27114","436854350"
"000320","노루홀딩스","10750","11600","850","7.91","253870","2886342100"
"000325","노루홀딩스우","25500","21500","-4000","-15.69","99935","2213232800"
"194700","노바렉스","29100","32600","3500","12.03","439433","13782902950"
"285490","노바텍","31850","32700","850","2.67","1090478","36719811450"
"229500","노브메타파마","12500","13350","850","6.80","31085","388559850"
"106520","노블엠앤비","3625","3990","365","10.07","6546521","25478008980"
"376930","노을","9230","7400","-1830","-19.83","6224184","49624939330"
"278650","노터스","8250","6790","-1460","-17.70","110985212","827294869010"
"006280","녹십자","177000","172000","-5000","-2.82","697830","123740895500"
"142280","녹십자엠에스","7760","7800","40","0.52","23962013","202198520140"
"234690","녹십자웰빙","8010","8190","180","2.25","1146867","9426603440"
"005250","녹십자홀딩스","19950","20650","700","3.51","2037605","42594958650"
"005257","녹십자홀딩스2우","56500","56400","-100","-0.18","130602","8080284400"
"065560","녹원씨엔아이","5770","5770","0","0.00","0","0"
"004370","농심","283000","296500","13500","4.77","472606","134464929000"
"072710","농심홀딩스","68400","68200","-200","-0.29","46135","3113423400"
"054050","농우바이오","9850","10200","350","3.55","632548","6341043100"
"069140","누리플랜","5840","5690","-150","-2.57","436218","2492882950"
"040160","누리플렉스","6840","6420","-420","-6.14","3333983","22770023700"
"332290","누보","2795","2305","-490","-17.53","13016523","31933041885"
"126870","뉴로스","2230","2230","0","0.00","0","0"
"060260","뉴보텍","1120","1330","210","18.75","52618184","66011591560"
"012340","뉴인텍","2970","4000","1030","34.68","81606142","322833491335"
"214870","뉴지랩파마","9080","13950","4870","53.63","9696537","112079373580"
"270870","뉴트리","13100","13450","350","2.67","965560","12456530950"
"144960","뉴파워프라즈마","4060","4560","500","12.32","1797299","8156293235"
"085670","뉴프렉스","4305","5170","865","20.09","10829235","53218998080"
"119860","다나와","17350","18900","1550","8.93","493761","8941817000"
"064260","다날","7170","7710","540","7.53","40926119","309525076650"
"093640","다믈멀티미디어","3720","4235","515","13.84","958580","3944720630"
"340360","다보링크","1235","1365","130","10.53","3752264","4826695775"
"039560","다산네트웍스","5670","5930","260","4.59","1080365","6263004060"
"058730","다스코","5500","6570","1070","19.45","27445624","156822863625"
"298870","다올인베스트먼트","3180","3325","145","4.56","14645534","50959205440"
"030210","다올투자증권","4285","4450","165","3.85","2199891","9552625535"
"023590","다우기술","17800","18900","1100","6.18","712913","13121887400"
"032190","다우데이타","10250","11750","1500","14.63","1373980","14863410860"
"323350","다원넥스뷰","54000","47000","-7000","-12.96","1057","53901900"
"068240","다원시스","22550","23800","1250","5.54","3514712","79206128750"
"145210","다이나믹디자인","4735","4660","-75","-1.58","204815","949295195"
"271850","다이오진","1690","1690","0","0.00","0","0"
"019680","대교","2920","3050","130","4.45","1320339","4039883005"
"019685","대교우B","2175","2270","95","4.37","420174","994061800"
"006370","대구백화점","11250","10650","-600","-5.33","59458","638450400"
"008060","대덕","6220","6690","470","7.56","1251710","8192696900"
"00806K","대덕1우","9200","9200","0","0.00","34624","318723790"
"353200","대덕전자","28150","27400","-750","-2.66","15103635","432812363050"
"35320K","대덕전자1우","12300","12350","50","0.41","114671","1429387350"
"000490","대동","11450","12150","700","6.11","6934432","83703226000"
"178600","대동고려삼","4200","3840","-360","-8.57","25270","89541175"
"020400","대동금속","9060","10250","1190","13.13","2953076","30196765990"
"008830","대동기어","7200","8230","1030","14.31","17438890","151188524080"
"048470","대동스틸","4980","5720","740","14.86","9646393","56288992295"
"008110","대동전자","6450","13650","7200","111.63","51566803","569033993200"
"004780","대륙제관","4615","4810","195","4.23","7704436","38705548525"
"005750","대림B&Co","5000","6420","1420","28.40","5577835","33787964865"
"017650","대림제지","8640","8960","320","3.70","276247","2451139880"
"006570","대림통상","3895","3910","15","0.39","297109","1077710515"
"007720","대명소노시즌","852","902","50","5.87","3741631","3235255657"
"389260","대명에너지","14700","23950","9250","62.93","23489324","457399018850"
"317850","대모","8330","8040","-290","-3.48","6646377","53582309760"
"290670","대보마그네틱","41350","48300","6950","16.81","1166016","53494706350"
"078140","대봉엘에스","7420","8400","980","13.21","16292911","152103596680"
"001680","대상","21400","23650","2250","10.51","2726082","61086520200"
"001685","대상우","16050","17000","950","5.92","96562","1578857350"
"084690","대상홀딩스","7990","8820","830","10.39","1031924","8572016570"
"084695","대상홀딩스우","10000","10400","400","4.00","306857","3157409290"
"036480","대성미생물","12300","13050","750","6.10","154519","1948002150"
"128820","대성산업","5110","5090","-20","-0.39","10572825","53370976315"
"117580","대성에너지","10750","13900","3150","29.30","30099740","378973133700"
"025440","대성엘텍","884","936","52","5.88","25444282","22786719805"
"027830","대성창투","3000","3460","460","15.33","152598721","652338966590"
"104040","대성파인텍","1625","1960","335","20.62","44273710","89608817975"
"016710","대성홀딩스","75500","86000","10500","13.91","2805615","228849371500"
"387310","대신밸런스제10호스팩","2265","2320","55","2.43","367728","834898060"
"397500","대신밸런스제11호스팩","2680","2680","0","0.00","0","0"
"020180","대신정보통신","1150","1395","245","21.30","42208663","58375769040"
"003540","대신증권","14900","15350","450","3.02","843893","12663920550"
"003547","대신증권2우B","13300","13700","400","3.01","268322","3577742300"
"003545","대신증권우","13550","14300","750","5.54","838863","11555729000"
"045390","대아티아이","3385","3710","325","9.60","23073465","84773976695"
"009190","대양금속","3560","3945","385","10.81","10278007","39580685480"
"108380","대양전기공업","12300","13500","1200","9.76","574562","7086338250"
"006580","대양제지","3260","3260","0","0.00","0","0"
"014160","대영포장","1650","1790","140","8.48","22507889","40609409775"
"047040","대우건설","5640","5500","-140","-2.48","42337884","224636689330"
"009320","대우부품","1810","2155","345","19.06","8337650","18202492890"
"042660","대우조선해양","20400","21600","1200","5.88","10777747","216732727250"
"003090","대웅","27250","27300","50","0.18","752434","21072731600"
"069620","대웅제약","179500","179500","0","0.00","1127463","206990095000"
"007680","대원","8840","8870","30","0.34","312351","2710373810"
"000430","대원강업","2825","3200","375","13.27","5242040","17833974675"
"048910","대원미디어","12350","14600","2250","18.22","2262423","31242760000"
"005710","대원산업","5280","5460","180","3.41","253900","1350262430"
"006340","대원전선","1500","1570","70","4.67","7409238","11238985005"
"006345","대원전선우","2630","2795","165","6.27","102176","268669250"
"003220","대원제약","17500","18150","650","3.71","9848697","182911362300"
"024890","대원화성","2450","3250","800","32.65","73544256","237667282565"
"290380","대유","4495","4630","135","3.00","16479164","79424046720"
"002880","대유에이텍","841","890","49","5.83","6330452","5431188311"
"290120","대유에이피","5470","6320","850","15.54","898340","5427174490"
"000300","대유플러스","869","952","83","9.55","9324754","8524215408"
"120240","대정화금","18100","18700","600","3.31","1080777","20048469850"
"003310","대주산업","3310","2650","-660","-19.94","35159377","102392061820"
"114920","대주이엔티","1820","2390","570","31.32","1535","2711950"
"078600","대주전자재료","65600","87100","21500","32.77","4344901","332651604500"
"012800","대창","1400","1545","145","10.36","7216661","10427411620"
"015230","대창단조","5240","5490","250","4.77","3903960","19919566685"
"096350","대창솔루션","433","424","-9","-2.08","19528015","8225125878"
"140520","대창스틸","3270","3480","210","6.42","1227477","4079691730"
"131220","대한과학","7400","10100","2700","36.49","25728994","264239130160"
"010170","대한광통신","2200","3305","1105","50.23","30189096","84664432025"
"060900","대한그린파워","735","875","140","19.05","71795982","59712644536"
"054670","대한뉴팜","10200","10850","650","6.37","1278175","13350749020"
"001070","대한방직","49700","52600","2900","5.84","471738","23054163700"
"023910","대한약품","26100","27000","900","3.45","97155","2618449200"
"006650","대한유화","128500","130500","2000","1.56","711199","88594192000"
"001440","대한전선","1825","1845","20","1.10","223746539","386796137185"
"084010","대한제강","15300","16600","1300","8.50","991094","15573168500"
"001790","대한제당","3300","2995","-305","-9.24","16862286","52979996585"
"001795","대한제당우","3215","2930","-285","-8.86","4571762","14274058440"
"001130","대한제분","145000","142500","-2500","-1.72","70895","9889106500"
"003490","대한항공","25150","25850","700","2.78","30917081","778015977850"
"003495","대한항공우","33350","32550","-800","-2.40","104684","3476622500"
"005880","대한해운","2440","2485","45","1.84","19386515","45929213230"
"003830","대한화섬","106000","110500","4500","4.25","11999","1256640000"
"016090","대현","2100","2250","150","7.14","3654585","7776903535"
"069460","대호에이엘","2500","2140","-360","-14.40","60812610","135418764350"
"021040","대호특수강","632","743","111","17.56","1877812","1301300712"
"021045","대호특수강우","1320","1320","0","0.00","177731","237663400"
"067080","대화제약","7150","8100","950","13.29","843148","6391108340"
"298540","더네이쳐홀딩스","29600","28900","-700","-2.36","584906","17293063650"
"192080","더블유게임즈","40900","40000","-900","-2.20","1198907","48777914050"
"299170","더블유에스아이","2040","2355","315","15.44","1230195","2719328725"
"012510","더존비즈온","36100","33150","-2950","-8.17","2357879","79121752500"
"302920","더콘텐츠온","9990","9990","0","0.00","72","684530"
"213420","덕산네오룩스","31200","31500","300","0.96","1992390","63056224550"
"317330","덕산테코피아","15650","16000","350","2.24","1068843","16793827800"
"077360","덕산하이메탈","7280","7090","-190","-2.61","5376413","40252449780"
"004830","덕성","6260","6210","-50","-0.80","2407463","15135611590"
"004835","덕성우","7260","7310","50","0.69","246980","1815360630"
"090410","덕신하우징","2240","2505","265","11.83","40123904","93675588120"
"024900","덕양산업","2480","2780","300","12.10","1432855","3813256620"
"263600","덕우전자","6270","7340","1070","17.07","11194516","82549514640"
"194480","데브시스터즈","45000","45400","400","0.89","3096529","149520018950"
"348840","데이드림엔터","10950","10500","-450","-4.11","0","0"
"263800","데이타솔루션","5490","5630","140","2.55","4509644","25073876920"
"199150","데이터스트림즈","11450","10250","-1200","-10.48","6231","62688350"
"206560","덱스터","14150","16400","2250","15.90","17544750","280650914900"
"261200","덴티스","8840","10050","1210","13.69","2158780","20501895290"
"145720","덴티움","84200","101000","16800","19.95","3387029","292568547200"
"227420","도부마스크","4080","3840","-240","-5.88","152444","570933720"
"067990","도이치모터스","8380","8210","-170","-2.03","7154727","59494151920"
"002150","도화엔지니어링","9450","9340","-110","-1.16","10188627","93837004430"
"006620","동구바이오제약","6520","6840","320","4.91","2027324","13754225050"
"100130","동국S&C","5530","7130","1600","28.93","59139687","400080288200"
"005160","동국산업","2855","3070","215","7.53","1157816","3385823100"
"075970","동국알앤에스","3790","4195","405","10.69","17260982","72936145340"
"001230","동국제강","12750","14100","1350","10.59","9175480","117969685550"
"086450","동국제약","19850","19750","-100","-0.50","1228037","23837167800"
"023450","동남합성","58400","58800","400","0.68","18821","1096275200"
"004140","동방","2780","2960","180","6.47","4978356","14547627755"
"099410","동방선기","3125","3470","345","11.04","2291064","7457825860"
"007590","동방아그로","6900","7260","360","5.22","269259","1891830410"
"005960","동부건설","10850","11850","1000","9.22","799869","8652585300"
"005965","동부건설우","25700","28500","2800","10.89","8760","225298950"
"026960","동서","25700","25450","-250","-0.97","1075355","26885853000"
"002210","동성제약","7860","8050","190","2.42","654734","5172693990"
"102260","동성케미컬","4000","4465","465","11.63","631337","2681726065"
"033500","동성화인텍","10750","12400","1650","15.35","7439100","86642072600"
"025950","동신건설","20250","22650","2400","11.85","2682120","58663481100"
"000640","동아쏘시오홀딩스","102500","108500","6000","5.85","166300","17313608500"
"170900","동아에스티","58900","59500","600","1.02","113217","6910626700"
"088130","동아엘텍","7020","7420","400","5.70","197115","1417039060"
"028100","동아지질","16650","18650","2000","12.01","1046443","18548406100"
"282690","동아타이어","11600","12050","450","3.88","150964","1765086150"
"041930","동아화성","8060","9260","1200","14.89","2694003","23642197900"
"001520","동양","1150","1195","45","3.91","6672403","7826402715"
"001527","동양2우B","12400","13050","650","5.24","27131","343917250"
"084670","동양고속","15700","16600","900","5.73","16822","264728000"
"082640","동양생명","5600","5500","-100","-1.79","1567092","8509916880"
"060380","동양에스텍","2435","2760","325","13.35","13177412","36669746285"
"001525","동양우","6300","6340","40","0.63","51081","322064030"
"079960","동양이엔피","13600","14950","1350","9.93","459726","6588756100"
"008970","동양철관","1085","1165","80","7.37","34120677","38167772180"
"228340","동양파일","3625","3925","300","8.28","784179","2891906280"
"092780","동양피스톤","4880","5330","450","9.22","1011473","5097605020"
"088910","동우팜투테이블","2765","2935","170","6.15","2371998","6589510720"
"094170","동운아나텍","8490","8340","-150","-1.77","9450835","82047650810"
"049770","동원F&B","153500","164500","11000","7.17","62869","9897004500"
"013120","동원개발","4200","4210","10","0.24","2108643","8764740165"
"018500","동원금속","864","904","40","4.63","1783366","1583603172"
"006040","동원산업","214000","230000","16000","7.48","58131","12996004000"
"030720","동원수산","9250","10100","850","9.19","1796640","17823969260"
"014820","동원시스템즈","51900","56900","5000","9.63","646120","35683690650"
"014825","동원시스템즈우","31750","34150","2400","7.56","2681","87377700"
"163560","동일고무벨트","7930","7180","-750","-9.46","1997798","14575402320"
"109860","동일금속","18200","20150","1950","10.71","1213035","22876171400"
"032960","동일기연","11700","13250","1550","13.25","5043346","71010297800"
"004890","동일산업","169000","180000","11000","6.51","93190","16276826500"
"002690","동일제강","3245","3360","115","3.54","2534147","8182701160"
"023790","동일철강","2705","2790","85","3.14","690306","1857434700"
"005290","동진쎄미켐","33450","34200","750","2.24","15876585","557681471000"
"025900","동화기업","60900","73200","12300","20.20","1125872","73807649400"
"000020","동화약품","10500","10600","100","0.95","3305158","35913805050"
"000150","두산","68100","81800","13700","20.12","1658020","117649271400"
"000157","두산2우B","93500","102500","9000","9.63","33222","3186586400"
"241560","두산밥캣","29100","32500","3400","11.68","6496370","200096448200"
"034020","두산에너빌리티","18550","20550","2000","10.78","79684670","1477138126200"
"000155","두산우","45600","52100","6500","14.25","55610","2639571900"
"131970","두산테스나","30750","29300","-1450","-4.72","2950461","87385127950"
"336260","두산퓨얼셀","30000","39250","9250","30.83","8774145","288508795250"
"33626K","두산퓨얼셀1우","9460","13400","3940","41.65","1090248","13336621120"
"33626L","두산퓨얼셀2우B","12450","16150","3700","29.72","670982","10059315500"
"016740","두올","2760","2960","200","7.25","2451139","7115584490"
"073190","듀오백","2215","2770","555","25.06","1070131","2756556795"
"176750","듀켐바이오","7030","6700","-330","-4.69","136105","914238250"
"030350","드래곤플라이","1885","2090","205","10.88","29709865","61335814810"
"203650","드림시큐리티","3110","3365","255","8.20","11683369","39413137015"
"223250","드림씨아이에스","14050","14250","200","1.42","751990","10611270600"
"060570","드림어스컴퍼니","3300","3685","385","11.67","1030543","3568290600"
"192650","드림텍","9570","9270","-300","-3.13","3616484","33606953270"
"217620","디딤","1375","1385","10","0.73","8854844","13031412477"
"016670","디모아","973","973","0","0.00","0","0"
"187870","디바이스이엔지","17200","18450","1250","7.27","219540","3976452000"
"066670","디스플레이텍","5950","6200","250","4.20","6394059","40678973660"
"024090","디씨엠","22350","20550","-1800","-8.05","1069778","22790933650"
"003160","디아이","5910","6240","330","5.58","1596094","10022157630"
"092200","디아이씨","4125","4485","360","8.73","2533772","10938966975"
"110990","디아이티","7170","7070","-100","-1.39","1600938","11967409870"
"078590","디아크","2380","2380","0","0.00","0","0"
"263690","디알젬","8710","9640","930","10.68","176458","1648431590"
"214680","디알텍","1525","1655","130","8.52","9320832","14430746430"
"377190","디앤디플랫폼리츠","4410","4645","235","5.33","2764621","11917936260"
"263720","디앤씨미디어","21700","23000","1300","5.99","956430","22098249800"
"376300","디어유","34750","37300","2550","7.34","3728373","140834757400"
"141020","디에스앤엘","1335","1335","0","0.00","0","0"
"109740","디에스케이","5190","5780","590","11.37","344186","1906957230"
"196490","디에이테크놀로지","3930","4690","760","19.34","4525242","19165581535"
"066900","디에이피","3310","3495","185","5.59","867179","2988610500"
"180400","디엑스앤브이엑스","7740","7740","0","0.00","0","0"
"127120","디엔에이링크","3975","3940","-35","-0.88","1542922","5941001490"
"092070","디엔에프","14550","14050","-500","-3.44","1075509","15839582650"
"039840","디오","26700","27650","950","3.56","1041235","28265608800"
"013570","디와이","6850","7350","500","7.30","6525699","46381402930"
"219550","디와이디","1435","1535","100","6.97","25558747","39189896915"
"310870","디와이씨","1450","1580","130","8.97","3862117","5963350850"
"210540","디와이파워","12650","12600","-50","-0.40","1321224","15671605600"
"104460","디와이피엔에프","38500","40400","1900","4.94","486407","18618278200"
"079810","디이엔티","6780","7930","1150","16.96","1361614","10182820990"
"113810","디젠스","1100","1245","145","13.18","34922627","45220769824"
"043360","디지아이","3600","3430","-170","-4.72","1402942","4987055720"
"197140","디지캡","4045","4135","90","2.22","1246033","4966754630"
"068930","디지털대성","6940","7930","990","14.27","894869","6461306700"
"033130","디지틀조선","2180","2325","145","6.65","1975414","4466123935"
"105740","디케이락","9440","12100","2660","28.18","1479947","15698980800"
"263020","디케이앤디","2955","3160","205","6.94","1027165","3167971185"
"290550","디케이티","9240","11000","1760","19.05","1741301","18321687800"
"187220","디티앤씨","5040","5640","600","11.90","2359069","13124677180"
"163430","디피코","7620","7620","0","0.00","0","0"
"131180","딜리","1660","1675","15","0.90","1368977","2250602340"
"315640","딥노이드","8180","8690","510","6.23","1263629","11183671440"
"317120","라닉스","6200","6770","570","9.19","1457655","9692530300"
"042510","라온시큐어","2745","3055","310","11.29","11331017","33686885880"
"232680","라온테크","14700","14650","-50","-0.34","2557772","37699575900"
"300120","라온피플","7132","5790","-1342","-18.82","7014731","65879909350"
"171120","라이온켐텍","7600","8960","1360","17.89","11298344","105129990810"
"069540","라이트론","3880","4255","375","9.66","1671069","6602427880"
"285770","라이프사이언스테크놀로지","1390","1390","0","0.00","0","0"
"347700","라이프시맨틱스","5700","5950","250","4.39","2178390","13212559950"
"214260","라파스","38600","40800","2200","5.70","614108","24855423800"
"403360","라피치","13000","13500","500","3.85","1488","18975600"
"115390","락앤락","7810","8060","250","3.20","4576512","39977712580"
"200350","래몽래인","16100","22100","6000","37.27","4580128","89932687800"
"171010","램테크놀러지","6190","7360","1170","18.90","5721568","40692281640"
"084650","랩지노믹스","7590","8090","500","6.59","93347497","824797054290"
"217500","러셀","3490","3810","320","9.17","10681366","40843765835"
"092590","럭스피아","2350","2085","-265","-11.28","25943","48196140"
"141080","레고켐바이오","47950","50200","2250","4.69","5255174","245565249250"
"060300","레드로버","1830","1830","0","0.00","0","0"
"038390","레드캡투어","18350","20300","1950","10.63","434840","8860036200"
"294140","레몬","5920","5410","-510","-8.61","12070689","68703156360"
"228670","레이","23950","23050","-900","-3.76","2949459","71139073500"
"228850","레이언스","9500","10750","1250","13.16","960518","10044701790"
"412350","레이저쎌","14750","12350","-2400","-16.27","11654595","150264855240"
"281740","레이크머티리얼즈","4450","4720","270","6.07","9354466","45135788375"
"277810","레인보우로보틱스","23750","28050","4300","18.11","10604040","295815178600"
"179720","렌딩머신","5600","5100","-500","-8.93","165","967400"
"215100","로보로보","7300","7780","480","6.58","19366025","150229555580"
"090360","로보스타","18500","20650","2150","11.62","2215513","44159034150"
"238500","로보쓰리","798","720","-78","-9.77","971156","687370600"
"108490","로보티즈","18150","21700","3550","19.56","8745284","186851034850"
"900260","로스웰","307","352","45","14.66","213938961","79104715043"
"223220","로지스몬","598","590","-8","-1.34","3159","1509486"
"067730","로지시스","4950","5850","900","18.18","6696353","40653690980"
"071280","로체시스템즈","6020","6400","380","6.31","2325465","14545119420"
"032350","롯데관광개발","11900","11950","50","0.42","8694545","98916191600"
"089860","롯데렌탈","36650","38150","1500","4.09","1520938","58467533600"
"330590","롯데리츠","5290","5080","-210","-3.97","5513780","27874769343"
"000400","롯데손해보험","1615","1705","90","5.57","3702525","6193291355"
"023530","롯데쇼핑","99000","101500","2500","2.53","2142887","202321668400"
"004000","롯데정밀화학","68800","68600","-200","-0.29","3410242","224270444600"
"286940","롯데정보통신","26350","27550","1200","4.55","553032","14922370350"
"280360","롯데제과","115500","122500","7000","6.06","247977","29299154500"
"004990","롯데지주","35050","38800","3750","10.70","3805898","136450053850"
"00499K","롯데지주우","47600","50700","3100","6.51","20902","1014178100"
"005300","롯데칠성","174000","166500","-7500","-4.31","893800","151838298500"
"005305","롯데칠성우","71900","71000","-900","-1.25","25684","1826923400"
"011170","롯데케미칼","180000","182500","2500","1.39","2376229","412478109500"
"071840","롯데하이마트","16850","16700","-150","-0.89","412791","6966137800"
"038060","루멘스","1135","1190","55","4.85","3335436","3897433520"
"162120","루켄테크놀러지스","4800","5100","300","6.25","42518","203993190"
"253610","루트락","2395","2290","-105","-4.38","20701","42295815"
"085370","루트로닉","17900","20750","2850","15.92","7337669","140437566550"
"08537M","루트로닉3우C","25200","28850","3650","14.48","4168","107938600"
"060240","룽투코리아","4765","5280","515","10.81","32343037","173676699655"
"058470","리노공업","134200","130800","-3400","-2.53","1017555","133483940564"
"039980","리노스","1030","973","-57","-5.53","7485620","7116391893"
"019570","리더스 기술투자","400","387","-13","-3.25","12887626","5101499909"
"016100","리더스코스메틱","2820","2630","-190","-6.74","347035","934854030"
"012700","리드코프","8080","8430","350","4.33","2700662","22434239260"
"302550","리메드","13400","13500","100","0.75","459126","6409454700"
"377450","리파인","11500","11000","-500","-4.35","856865","9497136050"
"277070","린드먼아시아","4720","5060","340","7.20","4352303","22642514145"
"042500","링네트","4550","5020","470","10.33","5081583","27520860125"
"219420","링크제니시스","5680","7020","1340","23.59","9647994","68461233390"
"027740","마니커","1585","1410","-175","-11.04","10181625","14592026275"
"195500","마니커에프앤지","3915","4095","180","4.60","4043729","16599642910"
"357430","마스턴프리미어리츠","5010","5010","0","0.00","336286","1664800630"
"222810","마이더스AI","2070","1565","-505","-24.40","58940366","118556534855"
"305090","마이크로디지탈","5140","5330","190","3.70","1655249","9506204920"
"098120","마이크로컨텍솔","6300","6440","140","2.22","1262995","8139284250"
"147760","마이크로프랜드","4550","4935","385","8.46","396344","1935896550"
"377480","마인즈랩","16250","16900","650","4.00","1452482","24488044300"
"038290","마크로젠","26200","26850","650","2.48","318092","8345999000"
"204320","만도","48500","56300","7800","16.08","7273265","393761702600"
"001080","만호제강","22300","27600","5300","23.77","198513","4821842650"
"267980","매일유업","59100","59100","0","0.00","230690","13508063700"
"005990","매일홀딩스","9230","8870","-360","-3.90","103406","927896230"
"127160","매직마이크로","282","282","0","0.00","0","0"
"093520","매커스","7940","8980","1040","13.10","3229256","28400012730"
"377030","맥스트","17850","18900","1050","5.88","11713239","218506980150"
"088980","맥쿼리인프라","12200","12850","650","5.33","20360299","252946382000"
"094800","맵스리얼티1","4520","4510","-10","-0.22","796914","3536338160"
"100590","머큐리","6430","6690","260","4.04","380177","2495033450"
"067280","멀티캠퍼스","38100","40250","2150","5.64","161750","6546993200"
"072870","메가스터디","11200","11250","50","0.45","1501407","17372909300"
"215200","메가스터디교육","77400","84800","7400","9.56","1480470","127094061500"
"133750","메가엠디","2670","3115","445","16.67","57511023","210469603750"
"235980","메드팩토","26400","32250","5850","22.16","5300240","160653493100"
"200580","메디쎄이","14000","16400","2400","17.14","82733","1189745900"
"041920","메디아나","5100","5060","-40","-0.78","12369520","68723282215"
"233250","메디안디노스틱","32600","32700","100","0.31","267","8364050"
"014100","메디앙스","4160","4085","-75","-1.80","561506","2266702940"
"236340","메디젠휴먼케어","9400","9080","-320","-3.40","4828","43737760"
"054180","메디콕스","5410","8290","2880","53.23","16406274","124510769800"
"086900","메디톡스","113800","109800","-4000","-3.51","478201","54161288300"
"078160","메디포스트","19450","21250","1800","9.25","3569293","76653449100"
"065650","메디프론","1595","1735","140","8.78","2101316","3567554225"
"138040","메리츠금융지주","26600","29050","2450","9.21","3002492","78312770350"
"008560","메리츠증권","4665","4870","205","4.39","16073896","74396257170"
"000060","메리츠화재","32550","37300","4750","14.59","3584831","120617745800"
"021880","메이슨캐피탈","566","476","-90","-15.90","28413912","14295361055"
"140410","메지온","19600","18600","-1000","-5.10","10110155","212838568450"
"241770","메카로","10550","11500","950","9.00","194221","2100354510"
"090370","메타랩스","871","730","-141","-16.19","9091407","6982943403"
"059210","메타바이오메드","2270","2450","180","7.93","2213713","5291989340"
"058110","멕아이씨에스","6090","6380","290","4.76","29568631","211553374610"
"096640","멜파스","1495","1495","0","0.00","0","0"
"017180","명문제약","3270","3450","180","5.50","1307674","4389981480"
"257370","명성티엔에스","9210","9210","0","0.00","0","0"
"009900","명신산업","16650","22350","5700","34.23","11910659","240306519300"
"267060","명진홀딩스","181","181","0","0.00","0","0"
"012690","모나리자","3495","3480","-15","-0.43","6970673","24165297525"
"005360","모나미","4165","3785","-380","-9.12","12796920","48024775805"
"080420","모다이노칩","3405","3400","-5","-0.15","5215276","17642596010"
"080160","모두투어","15650","16150","500","3.19","1621336","24575807000"
"204210","모두투어리츠","4560","4870","310","6.80","89920","423273340"
"100030","모바일리더","20750","21300","550","2.65","197836","4088336350"
"087260","모바일어플라이언스","3165","3425","260","8.21","21136517","73394636365"
"101330","모베이스","2920","3185","265","9.08","2224798","6888935260"
"012860","모베이스전자","1395","1510","115","8.24","24140990","36447893055"
"363260","모비데이즈","1515","1500","-15","-0.99","20639027","32791755935"
"348030","모비릭스","15100","18250","3150","20.86","22772538","421040340500"
"250060","모비스","1740","2430","690","39.66","44969260","110645316860"
"288980","모아데이타","3843","2370","-1473","-38.33","64664972","411847735455"
"033200","모아텍","5610","9670","4060","72.37","27230525","250532573730"
"009680","모토닉","8480","8510","30","0.35","241153","2068266560"
"118990","모트렉스","10850","12000","1150","10.60","27737121","329313640790"
"006920","모헨즈","3960","4575","615","15.53","5163946","23028897520"
"009580","무림P&P","3970","4730","760","19.14","6951991","30301421255"
"001810","무림SP","2690","3015","325","12.08","11834064","35922370595"
"009200","무림페이퍼","2590","2735","145","5.60","21866932","61963841585"
"135160","무송지오씨","2660","2595","-65","-2.44","136763","346585525"
"322970","무진메디","5010","4990","-20","-0.40","54988","271801745"
"033920","무학","6680","7010","330","4.94","2347707","16523383920"
"008420","문배철강","3620","3900","280","7.73","3745921","14254485675"
"279600","미디어젠","10450","9910","-540","-5.17","172126","1713901090"
"095500","미래나노텍","6030","9080","3050","50.58","81609339","687206227150"
"025560","미래산업","10100","11300","1200","11.88","578933","6307740950"
"218150","미래생명자원","6500","5930","-570","-8.77","16812003","105994247970"
"007120","미래아이앤지","314","347","33","10.51","47011814","17193780139"
"396690","미래에셋글로벌리츠","4775","4895","120","2.51","993243","4681359600"
"353490","미래에셋대우스팩 5호","2150","2135","-15","-0.70","2888740","6548796465"
"328380","미래에셋대우스팩3호","2130","2255","125","5.87","19782448","48158902395"
"357250","미래에셋맵스리츠","4275","4405","130","3.04","668149","2843953880"
"100790","미래에셋벤처투자","5650","6160","510","9.03","2160629","12906275470"
"412930","미래에셋비전스팩1호","2150","2125","-25","-1.16","732986","1562875150"
"085620","미래에셋생명","3115","3150","35","1.12","1099460","3359992395"
"006800","미래에셋증권","6470","6690","220","3.40","22402368","143127159190"
"00680K","미래에셋증권2우B","3785","3930","145","3.83","2356637","9023895730"
"006805","미래에셋증권우","4350","4885","535","12.30","186082","842892655"
"208890","미래엔에듀파트너","1485","1300","-185","-12.46","1315","1618195"
"049950","미래컴퍼니","19550","21950","2400","12.28","476069","9828462500"
"207760","미스터블루","5440","6310","870","15.99","4440509","28016739280"
"002840","미원상사","175000","179500","4500","2.57","30679","5485829500"
"268280","미원에스씨","198000","192500","-5500","-2.78","30872","5982098500"
"107590","미원홀딩스","132500","136500","4000","3.02","10679","1418537500"
"134380","미원화학","66100","66800","700","1.06","5926","391732200"
"003650","미창석유","81600","82600","1000","1.23","9728","781912400"
"059090","미코","8190","9100","910","11.11","1721532","14971919790"
"214610","미코바이오메드","12200","11150","-1050","-8.61","76982509","1024766649150"
"201490","미투온","4425","4855","430","9.72","4215711","20165544645"
"950190","미투젠","16300","15900","-400","-2.45","840723","14142764500"
"155900","바다로19호","3340","3350","10","0.30","452360","1512960605"
"206640","바디텍메드","12950","12250","-700","-5.41","6070040","84789098000"
"018700","바른손","2695","3040","345","12.80","27391489","83099025345"
"035620","바른손이앤에이","1055","1160","105","9.95","7310916","8243595970"
"064520","바른전자","7000","5490","-1510","-21.57","1783090","9993364300"
"053030","바이넥스","15100","15450","350","2.32","6641532","100739985850"
"301300","바이브컴퍼니","30500","32450","1950","6.39","476557","14942645350"
"064550","바이오니아","34150","33300","-850","-2.49","44174181","1656846059650"
"314930","바이오다인","27200","27950","750","2.76","233013","6555374750"
"208710","바이오로그디바이스","1430","1310","-120","-8.39","23378884","33804699210"
"086820","바이오솔루션","15050","15000","-50","-0.33","750404","11584451000"
"038460","바이오스마트","4000","4360","360","9.00","12558977","58578814885"
"281310","바이오시네틱스","7600","7600","0","0.00","0","0"
"251120","바이오에프디엔씨","24200","23400","-800","-3.31","1238263","28060621550"
"266470","바이오인프라생명과학","2110","1600","-510","-24.17","233376","419867440"
"086040","바이오톡스텍","7660","8370","710","9.27","16394882","145065856830"
"199290","바이오프로테크","1085","1060","-25","-2.30","5325","5150761"
"099430","바이오플러스","30500","31500","1000","3.28","13902568","439521620843"
"032980","바이온","1350","1215","-135","-10.00","3231798","3765846255"
"222160","바이옵트로","6520","6590","70","1.07","1984218","13402626810"
"308080","바이젠셀","9310","9540","230","2.47","5216728","51019586900"
"043150","바텍","30350","35250","4900","16.14","1024088","33785686700"
"323990","박셀바이오","40400","65300","24900","61.63","36370276","2207806708650"
"003610","방림","2925","3725","800","27.35","5422941","17689437355"
"267790","배럴","7940","7840","-100","-1.26","913489","7289228060"
"001340","백광산업","4290","4735","445","10.37","20391767","91499488115"
"046310","백금T&A","2830","3020","190","6.71","1489497","4214801310"
"035150","백산","9310","10000","690","7.41","6358516","63022768080"
"066410","버킷스튜디오","2005","3180","1175","58.60","610121087","1709252787025"
"002410","범양건영","4650","5400","750","16.13","33334873","172745151095"
"382900","범한퓨얼셀","33900","33700","-200","-0.59","8176494","257240807150"
"206400","베노홀딩스","3405","3455","50","1.47","1816213","6383534310"
"019010","베뉴지","2295","2250","-45","-1.96","9070362","20259461335"
"322190","베른","553","664","111","20.07","65822","36941956"
"177350","베셀","6790","7890","1100","16.20","21165426","159031544670"
"299910","베스파","3165","3165","0","0.00","0","0"
"096300","베트남개발1","205","208","3","1.46","1244301","256507180"
"007210","벽산","2735","2960","225","8.23","12034566","34172929145"
"225530","보광산업","6610","7030","420","6.35","19034201","132195166450"
"250000","보라티알","12000","12900","900","7.50","2808921","36681988600"
"002760","보락","1695","1770","75","4.42","3759824","6567080575"
"003850","보령","10350","11150","800","7.73","2855686","31092116500"
"310210","보로노이","48000","41300","-6700","-13.96","9787864","417475673800"
"006910","보성파워텍","5550","5740","190","3.42","33449799","180312804180"
"000890","보해양조","726","773","47","6.47","6380055","4773195648"
"226340","본느","1680","1740","60","3.57","2407597","4194309485"
"206950","볼빅","2950","3200","250","8.47","5849","18506740"
"003000","부광약품","8670","9740","1070","12.34","40268146","390811489890"
"001270","부국증권","21250","22600","1350","6.35","23339","497021800"
"001275","부국증권우","20200","20200","0","0.00","20624","412777950"
"026940","부국철강","3610","3990","380","10.53","2451961","9243833405"
"014470","부방","2250","2325","75","3.33","3142844","7171427535"
"011390","부산산업","86600","89000","2400","2.77","88531","7712843000"
"005030","부산주공","890","824","-66","-7.42","66093103","55440608282"
"008470","부스타","5200","5420","220","4.23","262659","1374783860"
"338220","뷰노","8120","7770","-350","-4.31","2137908","16652320040"
"100120","뷰웍스","34650","43150","8500","24.53","854465","34415570350"
"337930","브랜드엑스코퍼레이션","7280","8190","910","12.50","2066608","16347177080"
"099390","브레인즈컴퍼니","8520","8840","320","3.76","736371","6653645990"
"064480","브리지텍","4845","5480","635","13.11","1559390","8026525870"
"288330","브릿지바이오테라퓨틱스","9080","12650","3570","39.32","3337631","39676282340"
"365900","브이씨","12600","10550","-2050","-16.27","3013477","35224835100"
"251630","브이원텍","7400","7830","430","5.81","882730","6822253200"
"018290","브이티지엠피","5270","5470","200","3.80","3407892","18629929800"
"044480","블루베리 NFT","2455","2185","-270","-11.00","17655096","42907914100"
"033560","블루콤","9880","9600","-280","-2.83","380014","3700602240"
"191600","블루탑","6930","9670","2740","39.54","1003","7706250"
"369370","블리츠웨이","2810","3095","285","10.14","5758473","16966474845"
"126340","비나텍","41450","45450","4000","9.65","622114","25845282750"
"121800","비덴트","8920","10700","1780","19.96","166521850","1951052588040"
"148140","비디아이","640","640","0","0.00","0","0"
"082800","비보존 헬스케어","959","1005","46","4.80","8390965","8417728887"
"318410","비비씨","10700","11250","550","5.14","563015","6332757450"
"002070","비비안","1730","1945","215","12.43","12004189","23691657130"
"100220","비상교육","6120","6510","390","6.37","1870410","12491019770"
"146320","비씨엔씨","17000","17150","150","0.88","1644818","28225077150"
"200780","비씨월드제약","10200","10900","700","6.86","1347384","15287725750"
"141000","비아트론","8320","9030","710","8.53","786120","6971786730"
"090460","비에이치","25500","28350","2850","11.18","16709516","455887336500"
"083650","비에이치아이","7600","8380","780","10.26","22841310","168761744870"
"215050","비엔디생활건강","912","912","0","0.00","0","0"
"142760","비엘","6110","6220","110","1.80","26493360","197084762060"
"065170","비엘팜텍","936","920","-16","-1.71","3917012","3708299073"
"086220","비엘헬스케어","2585","2750","165","6.38","852","2246560"
"086670","비엠티","12050","16350","4300","35.68","4160836","61282637300"
"335890","비올","2000","2070","70","3.50","4754883","9797645885"
"138580","비즈니스온","8060","8330","270","3.35","653975","5351657730"
"082920","비츠로셀","11150","13350","2200","19.73","1691308","20955188700"
"054220","비츠로시스","5640","2365","-3275","-58.07","41032569","120084344630"
"042370","비츠로테크","7050","7120","70","0.99","1503543","10580711540"
"030790","비케이탑스","904","904","0","0.00","0","0"
"050090","비케이홀딩스","520","571","51","9.81","20662022","11987449520"
"307870","비투엔","2050","2250","200","9.76","33417857","91899590685"
"357880","비트나인","12000","11250","-750","-6.25","4296219","49889911850"
"032850","비트컴퓨터","6620","7260","640","9.67","7008949","51782237900"
"148780","비플라이소프트","2140","2150","10","0.47","28910155","216103806240"
"238200","비피도","8380","8350","-30","-0.36","393977","3226061980"
"093190","빅솔론","6100","6900","800","13.11","1193409","8119727990"
"065450","빅텍","5340","6040","700","13.11","23737576","138844502845"
"210120","빅텐츠","18950","20400","1450","7.65","1577","29115900"
"005180","빙그레","46650","47100","450","0.96","159218","7524848500"
"072950","빛샘전자","6550","7220","670","10.23","585567","4089158270"
"266170","뿌리깊은나무들","1430","1080","-350","-24.48","141577","135893991"
"143240","사람인에이치알","33100","33450","350","1.06","731768","24093055400"
"003960","사조대림","24600","26150","1550","6.30","392754","9648571950"
"008040","사조동아원","1600","1355","-245","-15.31","59267796","85344940615"
"007160","사조산업","45200","45200","0","0.00","169958","7588779800"
"014710","사조씨푸드","5160","5790","630","12.21","20271677","120226768455"
"006090","사조오양","9120","9340","220","2.41","350084","3176966950"
"100090","삼강엠앤티","19450","27000","7550","38.82","15011205","349103655450"
"122350","삼기","3120","3515","395","12.66","4076644","13994702100"
"014970","삼륭물산","5960","6780","820","13.76","8627593","57313419740"
"018310","삼목에스폼","18700","21700","3000","16.04","1050615","20976677550"
"053700","삼보모터스","4000","4800","800","20.00","6223751","31489947575"
"009620","삼보산업","1105","1275","170","15.38","11658262","14199473735"
"023600","삼보판지","9540","10050","510","5.35","598571","5868559160"
"001470","삼부토건","2160","2165","5","0.23","102356493","214529787210"
"006400","삼성SDI","537000","616000","79000","14.71","5454444","3104002332765"
"006405","삼성SDI우","274000","309000","35000","12.77","45928","13463885000"
"006660","삼성공조","10600","10650","50","0.47","207345","2185972450"
"380320","삼성머스트스팩5호","4490","5000","510","11.36","30862211","150908319760"
"028260","삼성물산","114000","124000","10000","8.77","5396078","634448485000"
"02826K","삼성물산우B","103500","112500","9000","8.70","65449","7145156500"
"207940","삼성바이오로직스","819000","904000","85000","10.38","1257459","1070760540300"
"032830","삼성생명","60200","62200","2000","3.32","4047171","241130344070"
"377630","삼성스팩4호","6020","8400","2380","39.53","81860464","629251810530"
"425290","삼성스팩6호","7560","6530","-1030","-13.62","46625255","319990502810"
"018260","삼성에스디에스","132500","131500","-1000","-0.75","2462246","326091628500"
"028050","삼성엔지니어링","20550","21600","1050","5.11","24917462","491205005250"
"009150","삼성전기","134500","135000","500","0.37","10990936","1526556805654"
"009155","삼성전기우","74800","76900","2100","2.81","104129","8117058100"
"005930","삼성전자","58700","59800","1100","1.87","299495380","18110476477926"
"005935","삼성전자우","53900","54700","800","1.48","18870696","1047475442461"
"001360","삼성제약","3330","3865","535","16.07","18362124","72842290225"
"010140","삼성중공업","5500","5970","470","8.55","74907933","418626215810"
"010145","삼성중공우","229500","231000","1500","0.65","8909","2017204000"
"016360","삼성증권","33650","35400","1750","5.20","5808244","193630956000"
"068290","삼성출판사","25550","27800","2250","8.81","1535718","41340209850"
"029780","삼성카드","30500","31750","1250","4.10","1547508","48120569818"
"000810","삼성화재","196500","202500","6000","3.05","1569302","312085844725"
"000815","삼성화재우","156000","158500","2500","1.60","114515","18003128500"
"006110","삼아알미늄","16900","23200","6300","37.28","5258240","112288972350"
"009300","삼아제약","14750","15350","600","4.07","231049","3533645000"
"145990","삼양사","41350","42500","1150","2.78","219353","9096304100"
"145995","삼양사우","32800","34900","2100","6.40","3647","124906100"
"003230","삼양식품","102500","111000","8500","8.29","1615971","172801350500"
"225190","삼양옵틱스","12650","12350","-300","-2.37","446855","5425247450"
"002170","삼양통상","53400","53300","-100","-0.19","27342","1445277500"
"272550","삼양패키징","17150","19800","2650","15.45","176597","3326702800"
"000070","삼양홀딩스","73500","74500","1000","1.36","301001","22049012600"
"000075","삼양홀딩스우","60000","59600","-400","-0.67","709","42352900"
"002810","삼영무역","13350","13600","250","1.87","102248","1382331250"
"361670","삼영에스앤씨","7000","7550","550","7.86","283147","2121085160"
"054540","삼영엠텍","5450","5910","460","8.44","43429930","234167806055"
"065570","삼영이엔씨","4890","7500","2610","53.37","17666325","110031191350"
"005680","삼영전자","10350","10500","150","1.45","564292","5863794200"
"003720","삼영화학","2475","3310","835","33.74","38617233","119404207155"
"023000","삼원강재","2580","2815","235","9.11","642907","1805064890"
"004380","삼익THK","12150","13800","1650","13.58","2342351","31873747850"
"002450","삼익악기","1410","1545","135","9.57","6510515","10316964725"
"032280","삼일","2155","2410","255","11.83","2578036","5888961390"
"002290","삼일기업공사","3720","4630","910","24.46","16734636","78330020380"
"004440","삼일씨엔에스","7540","9090","1550","20.56","1026085","9494360860"
"000520","삼일제약","7800","8100","300","3.85","2999420","24713472630"
"009770","삼정펄프","26250","29700","3450","13.14","1263367","36896300200"
"037460","삼지전자","9830","10300","470","4.78","508268","5176866330"
"032750","삼진","6750","7330","580","8.59","3480309","27808953740"
"054090","삼진엘앤디","3400","3455","55","1.62","70947848","243983475535"
"005500","삼진제약","24550","24400","-150","-0.61","2324973","58251082350"
"000250","삼천당제약","32650","36850","4200","12.86","3308587","116945495700"
"004690","삼천리","182000","194500","12500","6.87","604027","112147797000"
"024950","삼천리자전거","7680","7950","270","3.52","2232153","17259996170"
"038500","삼표시멘트","4050","4455","405","10.00","8658309","38284720025"
"017480","삼현철강","5500","5870","370","6.73","782360","4314375530"
"010960","삼호개발","3980","4275","295","7.41","976393","4025072115"
"046390","삼화네트웍스","3630","3870","240","6.61","18738714","69628722620"
"004450","삼화왕관","37050","42400","5350","14.44","995124","44101750850"
"009470","삼화전기","18250","19100","850","4.66","193056","3587872100"
"011230","삼화전자","2965","3050","85","2.87","407929","1240378555"
"001820","삼화콘덴서","39700","42550","2850","7.18","546488","23084819700"
"000390","삼화페인트","6690","8270","1580","23.62","4133984","33935486190"
"027580","상보","1495","1640","145","9.70","27504301","46242512245"
"038540","상상인","8740","9140","400","4.58","2937481","25865680990"
"101000","상상인인더스트리","747","794","47","6.29","17941251","15259609979"
"415580","상상인제3호스팩","2115","2105","-10","-0.47","376395","791770005"
"001290","상상인증권","960","1055","95","9.90","9722271","11089513082"
"041650","상신브레이크","3260","3400","140","4.29","416015","1404389710"
"091580","상신이디피","15900","18850","2950","18.55","8825281","157176571100"
"263810","상신전자","3370","3500","130","3.86","2013975","7060031440"
"089980","상아프론테크","29650","34400","4750","16.02","1233479","38994068000"
"042940","상지카일룸","1005","1030","25","2.49","17081806","17947626822"
"042600","새로닉스","20400","23750","3350","16.42","1388442","30785460700"
"075180","새론오토모티브","4830","4945","115","2.38","55071","269806940"
"252990","샘씨엔에스","5040","4995","-45","-0.89","5743416","29424083405"
"007540","샘표","57500","51700","-5800","-10.09","1094639","59446231650"
"248170","샘표식품","36000","38650","2650","7.36","1030353","41140344100"
"294630","서남","2730","2985","255","9.34","1472785","4216948080"
"038070","서린바이오","12650","16050","3400","26.88","31393858","536368788650"
"006730","서부T&D","7310","8590","1280","17.51","7799671","61912056150"
"079650","서산","2025","2195","170","8.40","1020646","2241388280"
"100660","서암기계공업","7680","6950","-730","-9.51","21743749","157792265890"
"007860","서연","7250","6950","-300","-4.14","2125352","15020144080"
"200880","서연이화","8130","8730","600","7.38","10243819","90667606490"
"019770","서연탑메탈","6330","5930","-400","-6.32","4431212","26268204020"
"017390","서울가스","243000","251000","8000","3.29","305144","73770365500"
"043710","서울리거","1025","955","-70","-6.83","2090420","2063334879"
"092190","서울바이오시스","7040","6970","-70","-0.99","5361479","39935094650"
"046890","서울반도체","10600","11200","600","5.66","3397041","37061315750"
"004410","서울식품","258","266","8","3.10","129829208","35382993077"
"004415","서울식품우","3230","3380","150","4.64","101825","347134425"
"063170","서울옥션","18800","23500","4700","25.00","7043444","145421587850"
"027040","서울전자통신","692","695","3","0.43","2000783","1329968599"
"018680","서울제약","4980","5310","330","6.63","3336242","20091723905"
"021050","서원","1410","1525","115","8.16","2512405","3601784120"
"093920","서원인텍","5650","5820","170","3.01","543840","3126155850"
"189860","서전기전","9440","9830","390","4.13","5605922","52527109530"
"178320","서진시스템","15150","15800","650","4.29","3505674","54245503300"
"122690","서진오토모티브","3085","3165","80","2.59","998536","3096600660"
"140070","서플러스글로벌","3400","3730","330","9.71","1773202","6391534335"
"011370","서한","1345","1480","135","10.04","12847653","18123101275"
"065710","서호전기","17850","18850","1000","5.60","89522","1656089900"
"008490","서흥","32200","36250","4050","12.58","246041","8461928850"
"035890","서희건설","1420","1515","95","6.69","11932239","17009200205"
"357550","석경에이티","17300","19150","1850","10.69","1845109","33908780350"
"003100","선광","90400","99200","8800","9.73","1035144","97822487100"
"007610","선도전기","3000","3000","0","0.00","0","0"
"067370","선바이오","17350","18300","950","5.48","102491","1778274850"
"171090","선익시스템","16400","17900","1500","9.15","3506729","61798123550"
"136490","선진","10150","11250","1100","10.84","1695138","17671264390"
"086710","선진뷰티사이언스","5940","6540","600","10.10","1583596","9979070740"
"014620","성광벤드","11050","14350","3300","29.86","14048437","170816183250"
"037350","성도이엔지","5200","5530","330","6.35","2469069","13008962925"
"014910","성문전자","1800","2040","240","13.33","4021464","8005404580"
"014915","성문전자우","8240","8750","510","6.19","12890","109333800"
"003080","성보화학","3590","3760","170","4.74","2416108","8724481600"
"004980","성신양회","9450","10600","1150","12.17","4963047","50592119390"
"004985","성신양회우","13350","15200","1850","13.86","1006946","16251115500"
"011300","성안","593","1080","487","82.12","159484944","157706068003"
"081580","성우전자","2905","3030","125","4.30","679022","1998365075"
"045300","성우테크론","4660","5020","360","7.73","4881265","24442617105"
"015750","성우하이텍","4370","5390","1020","23.34","41572435","225729464325"
"000180","성창기업지주","2000","2200","200","10.00","6560709","14009083455"
"080470","성창오토텍","6810","7510","700","10.28","603573","4455768110"
"043260","성호전자","1505","1495","-10","-0.66","8250374","12623729670"
"148150","세경하이테크","17000","19750","2750","16.18","1557277","30206073850"
"002420","세기상사","8360","9600","1240","14.83","674859","6473727890"
"053060","세동","1395","1590","195","13.98","11626895","17786540945"
"340440","세림B&G","4040","3825","-215","-5.32","182923535","717680838070"
"017510","세명전기","3920","3925","5","0.13","906103","3455352255"
"004360","세방","10350","12900","2550","24.64","983996","11353637670"
"004365","세방우","6830","7070","240","3.51","21259","147928330"
"004490","세방전지","50900","55200","4300","8.45","874489","46097424850"
"011560","세보엠이씨","8230","8570","340","4.13","1499139","12217928670"
"396300","세아메카닉스","6860","7740","880","12.83","65787500","497095070870"
"001430","세아베스틸지주","15100","15600","500","3.31","886171","13189860350"
"306200","세아제강","151000","174000","23000","15.23","531225","84971993500"
"003030","세아제강지주","128000","161000","33000","25.78","500475","73543050000"
"019440","세아특수강","14050","14200","150","1.07","174412","2402265450"
"058650","세아홀딩스","95800","102500","6700","6.99","3911","382345900"
"013000","세우글로벌","1640","1690","50","3.05","2603642","4271501210"
"100700","세운메디칼","3280","3515","235","7.16","10658913","38167807245"
"024830","세원물산","6280","6280","0","0.00","0","0"
"091090","세원이앤씨","636","842","206","32.39","78039153","64449711023"
"021820","세원정공","8090","8090","0","0.00","0","0"
"067830","세이브존I&C","2895","2900","5","0.17","700410","2045704095"
"033530","세종공업","5390","6160","770","14.29","7050276","42098037240"
"258830","세종메디칼","4140","5560","1420","34.30","215746123","1418623421315"
"036630","세종텔레콤","778","789","11","1.41","8003372","6439134479"
"039310","세중","2850","2915","65","2.28","1478021","4281063300"
"075580","세진중공업","5810","7490","1680","28.92","9352539","62567523200"
"067770","세진티에스","3615","3740","125","3.46","269622","1006761380"
"053450","세코닉스","7770","8180","410","5.28","1196333","9389136090"
"027970","세하","1315","1380","65","4.94","1793657","2431022685"
"252500","세화피앤씨","1350","1395","45","3.33","2990066","4055430885"
"347000","센코","12650","14600","1950","15.42","233855","3172021200"
"308170","센트랄모텍","12900","18650","5750","44.57","17042704","294688689350"
"012600","센트럴인사이트","2490","2490","0","0.00","0","0"
"331920","셀레믹스","7120","8590","1470","20.65","3910245","38252237110"
"049180","셀루메드","4415","6160","1745","39.52","48588386","288077072890"
"299660","셀리드","20450","23650","3200","15.65","12128287","312276414650"
"268600","셀리버리","16050","16900","850","5.30","10900511","299189821450"
"108860","셀바스AI","6910","7360","450","6.51","4578195","32907794550"
"208370","셀바스헬스케어","2305","2310","5","0.22","985848","2301199595"
"258250","셀젠텍","7050","6960","-90","-1.28","26810","185043740"
"068270","셀트리온","182500","212500","30000","16.44","9572652","1850678893000"
"068760","셀트리온제약","79400","90000","10600","13.35","2643241","219807513900"
"091990","셀트리온헬스케어","71500","79400","7900","11.05","14380889","1046755744300"
"060230","소니드","3640","4120","480","13.19","12945833","50243601485"
"290690","소룩스","8810","8600","-210","-2.38","396406","3431880970"
"053110","소리바다","3960","3960","0","0.00","0","0"
"950200","소마젠","5590","6180","590","10.55","2764983","17774239660"
"032680","소프트센","1770","1870","100","5.65","29668516","58050895015"
"032685","소프트센우","26350","24350","-2000","-7.59","26574","644119300"
"258790","소프트캠프","1725","1770","45","2.61","5038310","9530134895"
"066910","손오공","2305","2225","-80","-3.47","1765777","3991070180"
"043100","솔고바이오","574","591","17","2.96","5600243","3288050679"
"336370","솔루스첨단소재","42850","46800","3950","9.22","6833180","289806205250"
"33637K","솔루스첨단소재1우","10600","11500","900","8.49","608937","6296460830"
"33637L","솔루스첨단소재2우B","13800","14500","700","5.07","425732","6251134450"
"154040","솔루에타","2825","2885","60","2.12","327230","926237390"
"248070","솔루엠","19400","21500","2100","10.82","2071274","42290469600"
"035610","솔본","3695","4200","505","13.67","6041853","26397084585"
"357780","솔브레인","229600","225500","-4100","-1.79","462164","104014163400"
"036830","솔브레인홀딩스","19550","21950","2400","12.28","449036","9113223150"
"304100","솔트룩스","9320","10050","730","7.83","653021","6512374200"
"004430","송원산업","19800","19050","-750","-3.79","8396355","160283462250"
"086980","쇼박스","4860","5100","240","4.94","53807542","292958198405"
"050960","수산아이앤티","11150","12200","1050","9.42","629469","7235327000"
"017550","수산중공업","3185","3125","-60","-1.88","16691276","50177690560"
"253840","수젠텍","15850","13850","-2000","-12.62","28043269","477611266500"
"185190","수프로","1520","1395","-125","-8.22","32133","82346820"
"236200","슈프리마","21700","24050","2350","10.83","593763","13961663950"
"317770","슈프리마아이디","14550","16200","1650","11.34","2082943","34546054600"
"094840","슈프리마에이치큐","6010","6630","620","10.32","416181","2620794640"
"192440","슈피겐코리아","38050","37550","-500","-1.31","94988","3572709900"
"136510","스마트솔루션즈","11600","11600","0","0.00","0","0"
"099440","스맥","2595","2680","85","3.28","27927551","71363563060"
"053210","스카이라이프","9070","10000","930","10.25","10095831","95168700650"
"033790","스카이문스테크놀로지","829","829","0","0.00","0","0"
"131100","스카이이앤엠","2935","3230","295","10.05","452578","1393013985"
"276040","스코넥","12150","13150","1000","8.23","4711473","61738691450"
"159910","스킨앤스킨","236","231","-5","-2.12","134948688","33844540758"
"115570","스타플렉스","4375","4370","-5","-0.11","631421","2725108195"
"258540","스템랩","2990","2460","-530","-17.73","91168","213929070"
"330730","스톤브릿지벤처스","5850","6120","270","4.62","9090378","58870903510"
"253450","스튜디오드래곤","73600","81900","8300","11.28","3080309","236222602800"
"204630","스튜디오산타클로스","7140","9120","1980","27.73","9971115","105063149930"
"026890","스틱인베스트먼트","7310","8240","930","12.72","13628058","111039294690"
"013810","스페코","5830","6490","660","11.32","11264520","69105881090"
"049830","승일","14850","14900","50","0.34","15059741","235400340350"
"020710","시공테크","5300","5570","270","5.09","3531759","19307214055"
"033170","시그네틱스","1635","1690","55","3.36","22579175","39193437325"
"048870","시너지이노베이션","3680","4200","520","14.13","6989793","27959545345"
"025320","시노펙스","3305","3415","110","3.33","118249361","406560171430"
"134790","시디즈","51100","48550","-2550","-4.99","1351378","72382081150"
"269620","시스웍","889","889","0","0.00","0","0"
"131090","시큐브","1055","1110","55","5.21","1444501","1549421585"
"232830","시큐센","2815","4270","1455","51.69","60173","209337665"
"139050","시티랩스","614","607","-7","-1.14","5377895","3249382323"
"016590","신대양제지","87000","86300","-700","-0.80","28813","2512783700"
"290520","신도기연","4885","5290","405","8.29","1813280","10041049565"
"029530","신도리코","31350","32100","750","2.39","231164","7317582186"
"004970","신라교역","10400","10750","350","3.37","128262","1363059800"
"001000","신라섬유","1765","2135","370","20.96","48848053","105861562660"
"025870","신라에스지","10500","11250","750","7.14","1273345","14687584450"
"215600","신라젠","12100","12100","0","0.00","0","0"
"065350","신성델타테크","10300","12050","1750","16.99","2718670","30310909660"
"011930","신성이엔지","1915","2370","455","23.76","143390606","317001962775"
"005390","신성통상","2945","3135","190","6.45","15811773","48488050555"
"004170","신세계","217500","225000","7500","3.45","1041713","227063479500"
"035510","신세계 I&C","13850","15150","1300","9.39","698580","9979688800"
"034300","신세계건설","25400","26750","1350","5.31","134925","3420318600"
"031430","신세계인터내셔날","29850","30050","200","0.67","2693158","80108673850"
"031440","신세계푸드","57800","61900","4100","7.09","123787","7395989300"
"006880","신송홀딩스","13050","10000","-3050","-23.37","11185009","124419383930"
"002800","신신제약","5250","5480","230","4.38","1320834","7352121320"
"344050","신영스팩6호","2285","2285","0","0.00","0","0"
"419270","신영스팩7호","2145","2135","-10","-0.47","316418","679073225"
"005800","신영와코루","11600","11950","350","3.02","172995","1998230600"
"001720","신영증권","55100","57000","1900","3.45","51731","2888193200"
"001725","신영증권우","57000","58200","1200","2.11","16015","916609400"
"009270","신원","1655","1795","140","8.46","15157560","25697226810"
"017000","신원종합개발","7230","7990","760","10.51","7828920","59763896170"
"002700","신일전자","2210","1905","-305","-13.80","46433636","96789376080"
"012790","신일제약","8900","9680","780","8.76","5682961","59848036410"
"138070","신진에스엠","5154","4135","-1019","-19.77","46160882","459632028165"
"226330","신테카바이오","9600","10950","1350","14.06","1517156","16081673880"
"019170","신풍제약","24600","28650","4050","16.46","34832026","1081330080900"
"019175","신풍제약우","46000","46150","150","0.33","278600","13822217550"
"002870","신풍제지","1580","1740","160","10.13","29180778","56846632060"
"404990","신한서부티엔디리츠","5020","4785","-235","-4.68","1656895","8011933400"
"293940","신한알파리츠","7790","7800","10","0.13","2154947","16741021400"
"333050","신한제6호스팩","2350","2165","-185","-7.87","24626856","65153512475"
"366330","신한제7호스팩","2135","2115","-20","-0.94","3475907","7801111905"
"393360","신한제8호스팩","2150","2150","0","0.00","248507","533953655"
"405640","신한제9호스팩","2145","2125","-20","-0.93","427093","911089940"
"055550","신한지주","36250","35900","-350","-0.97","29148856","1029310956135"
"056700","신화인터텍","4200","5100","900","21.43","193508371","1000770968890"
"187270","신화콘텍","5970","5850","-120","-2.01","10441878","63102711360"
"004080","신흥","16300","16000","-300","-1.84","35447","568911650"
"243840","신흥에스이씨","52600","58000","5400","10.27","949712","52034145400"
"257720","실리콘투","4425","2680","-1745","-39.44","44034757","218309112640"
"222800","심텍","38000","37700","-300","-0.79","18497342","742067136800"
"036710","심텍홀딩스","3840","4215","375","9.77","21988277","100066167155"
"160980","싸이맥스","13850","14450","600","4.33","547145","8000536650"
"356890","싸이버원","10800","11350","550","5.09","11783274","156426669800"
"217330","싸이토젠","58400","60100","1700","2.91","144254","8507641300"
"102280","쌍방울","545","544","-1","-0.18","101792694","55916680281"
"003410","쌍용C&E","6520","6880","360","5.52","10242837","66903029640"
"010280","쌍용정보통신","1160","1070","-90","-7.76","8375025","9105728835"
"003620","쌍용차","2770","2770","0","0.00","0","0"
"004770","써니전자","2725","2860","135","4.95","27440249","78016990200"
"217320","썬테크","6710","5310","-1400","-20.86","347","2404940"
"208640","썸에이지","1135","1180","45","3.96","21331771","26091157090"
"222420","쎄노텍","2035","2140","105","5.16","12478082","26627637720"
"037760","쎄니트","1660","1905","245","14.76","19600829","37766172460"
"099320","쎄트렉아이","32950","36200","3250","9.86","1279404","44388397600"
"015540","쎌마테라퓨틱스","6410","6410","0","0.00","0","0"
"049960","쎌바이오텍","13850","13650","-200","-1.44","214478","2966037300"
"050890","쏠리드","5040","5520","480","9.52","3864568","20469287705"
"066790","씨씨에스","549","519","-30","-5.46","3976031","2110372911"
"222080","씨아이에스","13650","15750","2100","15.38","23024377","336472780200"
"004920","씨아이테크","1270","1250","-20","-1.57","26154716","35183907560"
"236030","씨알푸드","6590","6930","340","5.16","74","480850"
"103660","씨앗","5950","5950","0","0.00","0","0"
"352480","씨앤씨인터내셔널","17400","19850","2450","14.08","592577","11813820850"
"245450","씨앤에스링크","2080","2060","-20","-0.96","14","29125"
"264660","씨앤지하이테크","11500","11950","450","3.91","480115","5860199500"
"352700","씨앤투스성진","5290","5670","380","7.18","9685532","55865122060"
"297090","씨에스베어링","9760","12650","2890","29.61","68949391","734952929510"
"112610","씨에스윈드","49150","64900","15750","32.04","7406379","407020537700"
"359090","씨엔알리서치","1780","1700","-80","-4.49","1666815","2881602190"
"286000","씨엔티드림","3210","2595","-615","-19.16","65327","168407950"
"115530","씨엔플러스","536","680","144","26.87","16101362","9956821440"
"115480","씨유메디칼","1075","1150","75","6.98","9720750","10714571868"
"376290","씨유테크","4660","5270","610","13.09","5822217","33164960250"
"189330","씨이랩","13150","13750","600","4.56","303724","4015045900"
"096530","씨젠","44700","39950","-4750","-10.63","20005296","886184515600"
"900120","씨케이에이치","252","268","16","6.35","40379770","10668971033"
"101240","씨큐브","6670","7110","440","6.60","324713","2194834270"
"060590","씨티씨바이오","8200","8850","650","7.93","1452169","12200393870"
"260930","씨티케이","7050","7830","780","11.06","729798","5418995200"
"013990","아가방컴퍼니","2960","3150","190","6.42","1705687","5194289135"
"123860","아나패스","22050","23750","1700","7.71","346129","8118876900"
"025980","아난티","6740","7670","930","13.80","9274658","64621803700"
"008700","아남전자","2350","2795","445","18.94","118311451","318476832060"
"058220","아리온","275","275","0","0.00","0","0"
"125210","아모그린텍","11100","13850","2750","24.77","6611031","81250522850"
"002790","아모레G","37800","35900","-1900","-5.03","2515027","93345180450"
"00279K","아모레G3우(전환)","31950","29600","-2350","-7.36","56215","1745904500"
"002795","아모레G우","14450","14200","-250","-1.73","156778","2247963400"
"090430","아모레퍼시픽","133000","126500","-6500","-4.89","5095034","666603694000"
"090435","아모레퍼시픽우","49800","48050","-1750","-3.51","396551","19186259547"
"357580","아모센스","12650","16300","3650","28.85","5518958","82982839750"
"052710","아모텍","21750","26400","4650","21.38","872973","21246835550"
"074430","아미노로직스","2740","2610","-130","-4.74","34301395","87044615260"
"092040","아미코젠","24300","26500","2200","9.05","1772119","43257891650"
"083930","아바코","10400","11750","1350","12.98","1285014","14095596800"
"149950","아바텍","15000","15950","950","6.33","465427","7747195350"
"036010","아비코전자","10050","12000","1950","19.40","4819215","52912073730"
"002030","아세아","114000","125000","11000","9.65","45671","5396424500"
"183190","아세아시멘트","11150","13000","1850","16.59","2978727","34594476870"
"002310","아세아제지","33700","37150","3450","10.24","392356","13860571700"
"050860","아세아텍","2850","3065","215","7.54","3390006","9969989600"
"012170","아센디오","1330","1140","-190","-14.29","5757114","6940702180"
"136410","아셈스","14000","15250","1250","8.93","5764723","87661756600"
"246720","아스타","4085","4265","180","4.41","348595","1457862145"
"067390","아스트","5090","5240","150","2.95","2036325","11330639675"
"159010","아스플로","7703","12050","4347","56.43","17753709","263691011700"
"127710","아시아경제","2075","2185","110","5.30","2680629","5983520815"
"267850","아시아나IDT","14300","14050","-250","-1.75","265685","3722373050"
"020560","아시아나항공","15250","15200","-50","-0.33","6364900","93878685650"
"154030","아시아종묘","4390","4435","45","1.03","3024776","14276403660"
"227610","아우딘퓨쳐스","1505","1760","255","16.94","5237784","8492100855"
"143160","아이디스","23450","26300","2850","12.15","243659","5987872400"
"054800","아이디스홀딩스","12700","13300","600","4.72","170384","2246317000"
"332370","아이디피","7730","8830","1100","14.23","666104","5588222890"
"122900","아이마켓코리아","10250","10350","100","0.98","751982","7666941410"
"339950","아이비김영","2135","2455","320","14.99","40060262","107664560135"
"099190","아이센스","32750","37900","5150","15.73","1971565","69068995000"
"289010","아이스크림에듀","4445","5190","745","16.76","21555705","120897250845"
"214430","아이쓰리시스템","17050","19100","2050","12.02","497444","9221418000"
"040910","아이씨디","9200","9640","440","4.78","322757","3001506780"
"068940","아이씨케이","3865","4200","335","8.67","18743392","73486086995"
"052860","아이앤씨","2950","2975","25","0.85","604441","1771531100"
"010780","아이에스동서","40800","41650","850","2.08","1331114","53350365600"
"069920","아이에스이커머스","8160","7950","-210","-2.57","8933154","73860923570"
"038880","아이에이","803","818","15","1.87","24164490","19603793008"
"307180","아이엘사이언스","4035","4025","-10","-0.25","2534394","9750007445"
"101390","아이엠","4780","5290","510","10.67","877116","4527090135"
"078860","아이오케이","721","742","21","2.91","17204801","13260252909"
"114810","아이원스","7310","8000","690","9.44","1676172","12973436310"
"090150","아이윈","1810","2330","520","28.73","41002529","91691256795"
"123010","아이윈플러스","720","687","-33","-4.58","46312178","29850054956"
"031310","아이즈비전","2900","3035","135","4.66","1480362","4469985640"
"185490","아이진","9650","10700","1050","10.88","7200922","76750813890"
"059100","아이컴포넌트","6510","6670","160","2.46","360261","2400733890"
"149010","아이케이세미콘","7970","7400","-570","-7.15","21320","160458420"
"262840","아이퀘스트","8880","9400","520","5.86","10779869","102338661210"
"175250","아이큐어","13300","12950","-350","-2.63","3756780","52456551650"
"052460","아이크래프트","3550","3735","185","5.21","5066566","20101843700"
"119830","아이텍","9380","8390","-990","-10.55","6977851","64228050940"
"052770","아이톡시","2085","2085","0","0.00","0","0"
"124500","아이티센","4155","4310","155","3.73","1436818","5953575550"
"372800","아이티아이즈","12600","12450","-150","-1.19","7554712","89171540720"
"084850","아이티엠반도체","32050","35150","3100","9.67","421181","13964697700"
"114840","아이패밀리에스씨","12200","12850","650","5.33","1577079","19420471750"
"027360","아주IB투자","2965","3200","235","7.93","63641538","214157286510"
"139990","아주스틸","10400","11650","1250","12.02","1612043","18452389950"
"032080","아즈텍WB","2200","2545","345","15.68","28147242","73571942555"
"013310","아진산업","2705","3010","305","11.28","10031470","29192800130"
"059120","아진엑스텍","9550","11100","1550","16.23","4475083","47864540320"
"158430","아톤","28750","29900","1150","4.00","842192","24911220700"
"149300","아퓨어스","1680","1680","0","0.00","17398","28304145"
"067160","아프리카TV","83400","85000","1600","1.92","4649303","399931599600"
"001540","안국약품","8370","9310","940","11.23","4799860","47870425430"
"053800","안랩","88900","92500","3600","4.05","3357096","303209266100"
"251280","안지오랩","9970","8890","-1080","-10.83","27290","245441170"
"065660","안트로젠","21400","22400","1000","4.67","1109365","24476962650"
"297570","알로이스","1635","2120","485","29.66","102306821","222187391080"
"001780","알루코","2950","3205","255","8.64","12631612","38789997910"
"260660","알리코제약","6240","6800","560","8.97","2049997","14021437820"
"361570","알비더블유","17950","18150","200","1.11","10321653","204379824650"
"131370","알서포트","4720","5190","470","9.96","23499670","127700492150"
"140670","알에스오토메이션","13350","15600","2250","16.85","8165773","128798465050"
"096610","알에프세미","3080","4170","1090","35.39","17166914","71537274020"
"061040","알에프텍","5280","5680","400","7.58","3739141","20466484920"
"148250","알엔투테크놀로지","8330","8110","-220","-2.64","1789679","15096747210"
"347860","알체라","13700","16100","2400","17.52","1470204","22055261150"
"196170","알테오젠","63900","74200","10300","16.12","8624439","588512683300"
"123750","알톤스포츠","3205","3610","405","12.64","8610844","31136602590"
"085810","알티캐스트","1600","1735","135","8.44","3864308","6600933640"
"117670","알파홀딩스","2490","2325","-165","-6.63","4895641","11790063630"
"291650","압타머사이언스","13200","10700","-2500","-18.94","11846693","150176936650"
"293780","압타바이오","17050","19000","1950","11.44","31701421","712398097600"
"267810","앙츠","1335","1490","155","11.61","3780","5509095"
"018250","애경산업","14450","14200","-250","-1.73","411280","5963301750"
"161000","애경케미칼","8260","8580","320","3.87","1619443","13213855390"
"196300","애니젠","9470","9440","-30","-0.32","214158","1980729710"
"310200","애니플러스","2860","3205","345","12.06","7884310","25139247015"
"179530","애드바이오텍","4780","5120","340","7.11","2001659","9794659320"
"900100","애머릿지","3585","3585","0","0.00","0","0"
"205500","액션스퀘어","2700","3345","645","23.89","14663193","47575289930"
"052790","액토즈소프트","9040","9940","900","9.96","524281","4961130770"
"290740","액트로","7230","7380","150","2.07","992768","7187745660"
"238090","앤디포스","6800","7290","490","7.21","5332020","40009883080"
"092600","앤씨앤","2905","2415","-490","-16.87","4990785","12562012260"
"129890","앱코","11450","11350","-100","-0.87","1025751","11659366350"
"174900","앱클론","11450","12700","1250","10.92","3199357","41085415150"
"255440","야스","9170","9350","180","1.96","239222","2285477500"
"030960","양지사","7420","16300","8880","119.68","20429483","275883672890"
"102120","어보브반도체","9950","10750","800","8.04","1765432","18219510960"
"263540","어스앤에어로스페이스","10900","10900","0","0.00","0","0"
"238120","얼라인드","9860","10150","290","2.94","555636","5547923910"
"224810","엄지하우스","6470","4775","-1695","-26.20","4618","20594555"
"019990","에너토크","10700","12050","1350","12.62","3504675","38271376280"
"011090","에넥스","1370","1605","235","17.15","16729308","25619996480"
"270660","에브리봇","29500","35700","6200","21.02","7885472","289529162250"
"038680","에스넷","5560","6140","580","10.43","5028127","32399140440"
"137310","에스디바이오센서","43900","39150","-4750","-10.82","15576676","700599727700"
"217480","에스디생명공학","1960","2915","955","48.72","14385588","39419660635"
"121890","에스디시스템","739","739","0","0.00","0","0"
"097780","에스맥","3385","3385","0","0.00","0","0"
"042110","에스씨디","2250","1870","-380","-16.89","19600707","40296531095"
"298060","에스씨엠생명과학","10950","11200","250","2.28","1119157","12865822700"
"065420","에스아이리소스","699","779","80","11.44","52838020","41536022246"
"270210","에스알바이오텍","4205","3870","-335","-7.97","2734","10414390"
"103230","에스앤더블류","2505","2505","0","0.00","0","0"
"260970","에스앤디","19050","20000","950","4.99","281922","5376577050"
"101490","에스앤에스텍","19650","20100","450","2.29","1973872","39715153300"
"095910","에스에너지","4335","5440","1105","25.49","55174969","270253278425"
"275630","에스에스알","4780","5550","770","16.11","392642","2060599845"
"031330","에스에이엠티","3540","3680","140","3.95","2771911","10074306675"
"060540","에스에이티","2715","2705","-10","-0.37","3011992","8103490835"
"351320","에스에이티이엔지","3570","3620","50","1.40","2098830","7652851220"
"056190","에스에프에이","39850","42050","2200","5.52","2568846","106735266200"
"080000","에스엔유","2895","3010","115","3.97","1016736","3043643375"
"086460","에스엔피제네틱스","10000","7900","-2100","-21.00","13753","106122180"
"005850","에스엘","28900","30950","2050","7.09","4066331","127133128100"
"214310","에스엘바이오닉스","3490","5970","2480","71.06","3690645","17726270790"
"246250","에스엘에스바이오","7100","7000","-100","-1.41","62103","453667300"
"041510","에스엠","68500","74600","6100","8.91","8097684","573556793900"
"010580","에스엠벡셀","1530","1530","0","0.00","0","0"
"299670","에스엠비나","3000","2785","-215","-7.17","155","441675"
"007820","에스엠코어","6140","7050","910","14.82","5805268","39261330280"
"109610","에스와이","3775","3700","-75","-1.99","32426039","118175013595"
"012750","에스원","63700","62400","-1300","-2.04","929832","58666038350"
"306040","에스제이그룹","21050","22100","1050","4.99","457091","9746026050"
"217910","에스제이켐","310","300","-10","-3.23","42691","12962673"
"224020","에스케이씨에스","3740","4340","600","16.04","13938","54222170"
"408920","에스케이증권7호스팩","2185","2185","0","0.00","0","0"
"096630","에스코넥","1170","1235","65","5.56","1786757","2111637430"
"069510","에스텍","6650","7490","840","12.63","376715","2749779870"
"041910","에스텍파마","7720","8850","1130","14.64","3349760","29939965030"
"234300","에스트래픽","3880","4115","235","6.06","2258120","9709217395"
"039440","에스티아이","15750","15250","-500","-3.17","3323970","53715627400"
"098660","에스티오","2370","2330","-40","-1.69","909305","2037703055"
"052020","에스티큐브","7160","19300","12140","169.55","34451810","466233467020"
"237690","에스티팜","95100","116800","21700","22.82","2883858","295073267700"
"050760","에스폴리텍","3395","3650","255","7.51","6434883","23905562285"
"288620","에스퓨얼셀","22100","24600","2500","11.31","1620015","36785424700"
"317830","에스피시스템스","10100","10500","400","3.96","8933992","91752829642"
"058610","에스피지","12850","17300","4450","34.63","18303722","275323045750"
"043340","에쎈테크","1240","1020","-220","-17.74","8697423","9564363680"
"023960","에쓰씨엔지니어링","2365","2265","-100","-4.23","6233533","14165891565"
"298690","에어부산","3859","3575","-284","-7.36","4811165","7949052140"
"187660","에이디엠코리아","3150","3120","-30","-0.95","3833987","12317492035"
"054630","에이디칩스","291","353","62","21.31","98824810","38701263538"
"200710","에이디테크놀로지","13300","14100","800","6.02","852478","11744986050"
"096690","에이루트","428","519","91","21.26","177385993","96231993328"
"140910","에이리츠","5570","5650","80","1.44","110175","595900560"
"078520","에이블씨엔씨","5260","5220","-40","-0.76","909727","4799970700"
"298380","에이비엘바이오","25500","25600","100","0.39","12252392","294161865500"
"203400","에이비온","8150","10550","2400","29.45","2845604","27976572570"
"195990","에이비프로바이오","854","842","-12","-1.41","34667216","30201770533"
"003800","에이스침대","40950","43000","2050","5.01","11964","503770150"
"088800","에이스테크","7240","7900","660","9.12","4120343","31176769460"
"241840","에이스토리","27750","26600","-1150","-4.14","17705370","548439146250"
"312610","에이에프더블류","3345","3750","405","12.11","4071355","15873407280"
"015260","에이엔피","2445","2300","-145","-5.93","4441013","10203073890"
"234070","에이원알폼","24850","24850","0","0.00","0","0"
"072990","에이치시티","11000","10650","-350","-3.18","508700","5601173850"
"227100","에이치앤비디자인","7090","4775","-2315","-32.65","4566911","26227631630"
"044990","에이치엔에스하이텍","12150","12150","0","0.00","0","0"
"239610","에이치엘사이언스","35450","30700","-4750","-13.40","61934","1990270800"
"353070","에이치엠씨제4호스팩","2115","2105","-10","-0.47","175485","371467015"
"353060","에이치엠씨제5호스팩","2120","2100","-20","-0.94","187274","393929330"
"044780","에이치케이","1830","1900","70","3.83","1747627","3158753970"
"357230","에이치피오","9610","11850","2240","23.31","4355261","53022842790"
"071670","에이테크솔루션","12600","13250","650","5.16","1406834","17808115600"
"045660","에이텍","12550","12900","350","2.79","4765450","60576961900"
"224110","에이텍티앤","13200","12200","-1000","-7.58","1759438","22888361500"
"230980","에이트원","849","1010","161","18.96","32568142","34164321622"
"021080","에이티넘인베스트","3190","3470","280","8.78","18077206","63254034770"
"089530","에이티세미콘","1130","1100","-30","-2.65","18146208","20220452512"
"200470","에이팩트","4000","5060","1060","26.50","23819775","132974828280"
"207490","에이펙스인텍","7450","8010","560","7.52","2490","19985140"
"262260","에이프로","11150","13400","2250","20.18","3109980","41246083250"
"007460","에이프로젠","1595","1500","-95","-5.96","60987249","94330581190"
"109960","에이프로젠 H&G","518","535","17","3.28","2972364","1582957144"
"003060","에이프로젠제약","595","675","80","13.45","18517624","12118547068"
"244920","에이플러스에셋","6030","6330","300","4.98","1878341","11754628590"
"089970","에이피티씨","16050","17200","1150","7.17","3313764","54440863850"
"230240","에치에프알","27650","33500","5850","21.16","1911130","58632925150"
"230360","에코마케팅","14800","18100","3300","22.30","5506631","95033094950"
"038870","에코바이오","6720","6830","110","1.64","943298","6328385100"
"128540","에코캡","6230","7990","1760","28.25","56985671","435637795390"
"086520","에코프로","71400","119500","48100","67.37","26599037","2559407332300"
"247540","에코프로비엠","118900","122800","3900","3.28","26366072","3142110189300"
"383310","에코프로에이치엔","37750","61400","23650","62.65","7641366","410144164600"
"038110","에코플라스틱","2735","3010","275","10.05","49375806","147335975305"
"073540","에프알텍","3070","3120","50","1.63","719242","2206699075"
"064850","에프앤가이드","6410","8000","1590","24.80","5222342","40619688420"
"064090","에프앤리퍼블릭","2585","2790","205","7.93","393637","1050913970"
"036810","에프에스티","14650","15300","650","4.44","950821","14176441250"
"173940","에프엔씨엔터","5900","5630","-270","-4.58","388455","2261639300"
"083500","에프엔에스테크","8010","9320","1310","16.35","738116","6352540350"
"054940","엑사이엔씨","1140","1200","60","5.26","2545648","2903993845"
"950130","엑세스바이오","17200","17600","400","2.33","50418617","999047897800"
"205100","엑셈","3785","4180","395","10.44","6561247","26548991555"
"070300","엑스큐어","2555","3115","560","21.92","389002","1151127135"
"092870","엑시콘","9280","9800","520","5.60","847031","8260972990"
"317870","엔바이오니아","11200","8550","-2650","-23.66","786917","7280016950"
"067570","엔브이에이치코리아","3465","3765","300","8.66","1450825","5229544070"
"236810","엔비티","7390","7190","-200","-2.71","3459255","26177665290"
"140610","엔솔바이오사이언스","14000","13000","-1000","-7.14","140903","1883455300"
"333620","엔시스","13500","14950","1450","10.74","472908","6660329950"
"101400","엔시트론","781","792","11","1.41","6030902","4756412972"
"036570","엔씨소프트","373500","401500","28000","7.50","2170305","821848198250"
"217820","엔에스","8360","8770","410","4.90","1614810","14596788820"
"031860","엔에스엔","1200","1280","80","6.67","21941342","26608110290"
"238170","엔에스엠","766","849","83","10.84","39266","27347927"
"224760","엔에스컴퍼니","3295","2450","-845","-25.64","6092","15962555"
"380440","엔에이치스팩19호","2100","2085","-15","-0.71","1530289","3204000980"
"391060","엔에이치스팩20호","2100","2085","-15","-0.71","643418","1346963740"
"396770","엔에이치스팩22호","2150","2130","-20","-0.93","237004","509784710"
"422040","엔에이치스팩23호","2115","2115","0","0.00","465052","987889920"
"265740","엔에프씨","11250","10900","-350","-3.11","444150","4951438700"
"354200","엔젠바이오","8180","8760","580","7.09","2156614","22144117590"
"093510","엔지브이아이","2000","2000","0","0.00","100","198875"
"208860","엔지스테크널러지","2205","2205","0","0.00","0","0"
"183490","엔지켐생명과학","17000","21050","4050","23.82","11577873","267063589900"
"085310","엔케이","873","1000","127","14.55","1916675","1750080272"
"182400","엔케이맥스","15300","16850","1550","10.13","10589443","174727675400"
"348370","엔켐","47100","57100","10000","21.23","2712208","137144597550"
"069410","엔텔스","5640","6110","470","8.33","890667","5378478360"
"227950","엔투텍","1385","1335","-50","-3.61","8268953","11593412355"
"291230","엔피","7210","7750","540","7.49","13399002","107327091220"
"198080","엔피디","2380","2540","160","6.72","372675","923342335"
"048830","엔피케이","2020","2245","225","11.14","3288613","7108806610"
"096870","엘디티","3685","3655","-30","-0.81","399388","1475204005"
"276240","엘리비젼","598","749","151","25.25","16375","9387793"
"900140","엘브이엠씨홀딩스","2920","3065","145","4.97","3110947","9141778735"
"376190","엘비루셈","7310","7800","490","6.70","361576","2766260980"
"061970","엘비세미콘","8310","9370","1060","12.76","7977439","72387057090"
"138690","엘아이에스","982","982","0","0.00","0","0"
"290650","엘앤씨바이오","31700","28600","-3100","-9.78","2857787","86528463650"
"066970","엘앤에프","214200","245000","30800","14.38","9946258","2252248033200"
"156100","엘앤케이바이오","10350","11600","1250","12.08","1072000","12625246100"
"311060","엘에이티","3800","4700","900","23.68","10301","41385045"
"073110","엘엠에스","7960","8060","100","1.26","297227","2373699640"
"083310","엘오티베큠","12450","11650","-800","-6.43","2265118","27996085900"
"037950","엘컴텍","1150","1180","30","2.61","7119180","8294121150"
"170920","엘티씨","8130","8820","690","8.49","301608","2498699380"
"058630","엠게임","7590","8240","650","8.56","6603719","52746982170"
"058970","엠로","16500","15150","-1350","-8.18","740688","12003371450"
"019590","엠벤처투자","1205","1470","265","21.99","16334352","23325024415"
"169330","엠브레인","3545","3580","35","0.99","552433","1953731505"
"097520","엠씨넥스","31050","34600","3550","11.43","1132361","36924849900"
"179290","엠아이텍","9170","12250","3080","33.59","11922318","126319666330"
"009780","엠에스씨","5790","6070","280","4.84","141424","843795460"
"123040","엠에스오토텍","4295","4930","635","14.78","2604531","12492329075"
"323230","엠에프엠코리아","889","940","51","5.74","1033677","949754643"
"033160","엠케이전자","11000","13350","2350","21.36","3750962","45000696450"
"347890","엠투아이","8250","9410","1160","14.06","2613333","23639978960"
"033310","엠투엔","6400","8570","2170","33.91","17768720","147465528710"
"259630","엠플러스","14750","16600","1850","12.54","2250606","36297379150"
"065150","엠피대산","569","562","-7","-1.23","2589459","1463385256"
"115960","연우","17250","18050","800","4.64","497709","8631514550"
"090740","연이비앤티","2105","2105","0","0.00","0","0"
"060850","영림원소프트랩","8630","10550","1920","22.25","3534280","36054468070"
"014440","영보화학","3625","4240","615","16.97","5139325","21227236450"
"007530","영신금속","2705","2675","-30","-1.11","442477","1186013705"
"143540","영우디에스피","1530","1940","410","26.80","110643934","220359514185"
"111770","영원무역","39650","42000","2350","5.93","1979171","79459048978"
"009970","영원무역홀딩스","47300","47100","-200","-0.42","383512","18290359000"
"003520","영진약품","3555","3610","55","1.55","7209185","26051121975"
"000670","영풍","511000","590000","79000","15.46","19967","10731806500"
"036560","영풍정밀","8560","9200","640","7.48","1802973","17091491330"
"006740","영풍제지","7280","7280","0","0.00","5143100","38228087200"
"012280","영화금속","1100","1210","110","10.00","4228360","4885443935"
"265560","영화테크","12700","14000","1300","10.24","2876686","38525529950"
"012160","영흥","785","848","63","8.03","2666953","2195055841"
"036000","예림당","1900","1965","65","3.42","379294","726451955"
"250930","예선테크","1325","1455","130","9.81","5902102","8744917315"
"053280","예스24","6370","6750","380","5.97","1263861","8379881230"
"015360","예스코홀딩스","34600","35250","650","1.88","57145","2010939900"
"122640","예스티","6760","9110","2350","34.76","1931356","15562021810"
"900300","오가닉티코스메틱","348","331","-17","-4.89","22896883","7713301089"
"045060","오공","3655","3805","150","4.10","6278324","25536672625"
"080520","오디텍","5480","5660","180","3.28","1192524","6559201550"
"007310","오뚜기","433500","466500","33000","7.61","276002","124152570000"
"039830","오로라","7940","8750","810","10.20","486725","4055909280"
"322310","오로스테크놀로지","15150","14950","-200","-1.32","384539","5643860300"
"046120","오르비텍","6970","7410","440","6.31","69369529","491672193920"
"014940","오리엔탈정공","2805","3360","555","19.79","8325879","27627379820"
"002630","오리엔트바이오","760","844","84","11.05","8997565","7401943142"
"065500","오리엔트정공","1595","1885","290","18.18","2903509","5070311395"
"271560","오리온","106000","105000","-1000","-0.94","2958028","305529675500"
"001800","오리온홀딩스","14950","14950","0","0.00","1413158","21175119600"
"010470","오리콤","6850","6490","-360","-5.26","2181964","14084501860"
"352910","오비고","10950","11550","600","5.48","2735756","31499682050"
"053980","오상자이엘","6080","6590","510","8.39","22012842","165104528890"
"052420","오성첨단소재","2150","2150","0","0.00","0","0"
"241790","오션브릿지","11000","12450","1450","13.18","724719","8907579100"
"329020","오션스톤","1485","1300","-185","-12.46","19095","26965735"
"039200","오스코텍","28150","28000","-150","-0.53","3049605","86994776000"
"226400","오스테오닉","3025","2915","-110","-3.64","759617","2271424330"
"031510","오스템","1805","2010","205","11.36","16550552","35338565330"
"048260","오스템임플란트","99300","110200","10900","10.98","3802184","395876397850"
"138080","오이솔루션","22150","23850","1700","7.67","437025","10125213450"
"080580","오킨스전자","21450","20150","-1300","-6.06","1507992","30516929900"
"067170","오텍","7660","7500","-160","-2.09","1256348","9806319360"
"353590","오토앤","11550","13650","2100","18.18","10108843","132502105500"
"173130","오파스넷","6140","5510","-630","-10.26","9238345","51286655830"
"049480","오픈베이스","2825","3085","260","9.20","16921132","51843718180"
"309930","오하임아이엔티","3120","3590","470","15.06","8968711","31600920710"
"244460","올리패스","5800","5780","-20","-0.34","4715693","27023464000"
"226950","올릭스","23500","23250","-250","-1.06","2298416","52947039450"
"057540","옴니시스템","2635","2250","-385","-14.61","54492505","139206500020"
"131030","옵투스제약","6160","6630","470","7.63","939201","6413614190"
"082210","옵트론텍","5340","5630","290","5.43","5947980","33172882510"
"109080","옵티시스","11800","14050","2250","19.07","2188608","31488960150"
"153710","옵티팜","8620","10050","1430","16.59","6070458","60818081280"
"321820","와이더플래닛","7500","7900","400","5.33","319826","2475600770"
"122990","와이솔","8590","8990","400","4.66","856346","7478194670"
"232140","와이아이케이","4140","4285","145","3.50","1445821","6037130225"
"065530","와이어블","2680","2945","265","9.89","15246272","46244275540"
"067900","와이엔텍","9220","10050","830","9.00","2797923","28509533350"
"155650","와이엠씨","6210","6000","-210","-3.38","709581","4390991140"
"273640","와이엠텍","15000","16750","1750","11.67","656866","10414830300"
"251370","와이엠티","12600","15200","2600","20.63","3473822","50963018400"
"066430","와이오엠","2005","1885","-120","-5.99","1085242","2140979705"
"193250","와이제이엠게임즈","2100","2145","45","2.14","17453107","37895593180"
"273060","와이즈버즈","1290","1300","10","0.78","1721584","2263569130"
"019210","와이지-원","6650","7450","800","12.03","2277953","15618424670"
"122870","와이지엔터테인먼트","49650","58900","9250","18.63","4698258","257537969750"
"011690","와이투솔루션","800","713","-87","-10.88","24490173","17065170049"
"332570","와이팜","4660","4760","100","2.15","1359853","6480805750"
"079000","와토스코리아","5630","6560","930","16.52","4774835","31775056680"
"070960","용평리조트","4005","4045","40","1.00","1195660","4737801325"
"316140","우리금융지주","11600","12150","550","4.74","52165903","613341034214"
"032820","우리기술","2225","2105","-120","-5.39","62876604","131415504185"
"041190","우리기술투자","5530","6340","810","14.65","69469637","435600189800"
"115440","우리넷","8730","9020","290","3.32","1596014","14120781940"
"046970","우리로","1485","1605","120","8.08","9343624","14547221065"
"082850","우리바이오","3175","3780","605","19.06","86348731","350148449030"
"215360","우리산업","14700","16300","1600","10.88","4536602","73087496750"
"072470","우리산업홀딩스","4450","5580","1130","25.39","46784505","256724706230"
"073560","우리손에프앤지","1965","1990","25","1.27","16301574","31567598260"
"037400","우리엔터프라이즈","2310","2630","320","13.85","11501488","30184192070"
"153490","우리이앤엘","1195","1355","160","13.39","6843007","9012245175"
"010050","우리종금","884","971","87","9.84","56718251","52421349136"
"101170","우림피티에스","8950","9210","260","2.91","47706389","431354699520"
"006980","우성","24900","25150","250","1.00","177053","4331730100"
"066590","우수AMS","3810","3995","185","4.86","7062635","28457349565"
"017370","우신시스템","2470","2665","195","7.89","2398672","6289194500"
"103840","우양","3800","4010","210","5.53","1600492","6420225435"
"046940","우원개발","4305","5430","1125","26.13","18448683","91093322775"
"215380","우정바이오","4970","5080","110","2.21","2961448","15552519835"
"065680","우주일렉트로","21400","21450","50","0.23","894268","18826636800"
"105840","우진","11900","13650","1750","14.71","29953393","375118929600"
"018620","우진비앤지","2115","2185","70","3.31","20187428","42882469170"
"010400","우진아이엔에스","6020","6620","600","9.97","787004","5366507200"
"049800","우진플라임","3385","3895","510","15.07","701284","2539142625"
"016880","웅진","1395","1500","105","7.53","9743395","14429970160"
"095720","웅진씽크빅","2380","2590","210","8.82","4492378","11498768905"
"005820","원림","22800","25300","2500","10.96","94754","2409461700"
"307280","원바이오젠","1625","1635","10","0.62","1145087","1866581210"
"053080","원방테크","10550","12050","1500","14.22","1864752","21380936150"
"032940","원익","3675","3860","185","5.03","350756","1322631645"
"240810","원익IPS","28700","29300","600","2.09","8107702","243193127460"
"074600","원익QnC","26600","24750","-1850","-6.95","9808643","243994418450"
"104830","원익머트리얼즈","30850","31900","1050","3.40","1898703","58069731700"
"014190","원익큐브","2460","2750","290","11.79","8715236","23663627260"
"131390","원익피앤이","20650","21100","450","2.18","2302411","48229914250"
"030530","원익홀딩스","3835","3985","150","3.91","3150279","12272630485"
"012620","원일특강","11500","12100","600","5.22","3638340","44497444700"
"382840","원준","41368","35350","-6018","-14.55","9280380","379221576900"
"336570","원텍","3025","2970","-55","-1.82","23737671","72714069905"
"376980","원티드랩","21900","23250","1350","6.16","2694483","64207943350"
"122830","원포유","1890","1875","-15","-0.79","315672","592346530"
"008370","원풍","4880","5010","130","2.66","346610","1717656805"
"008290","원풍물산","736","849","113","15.35","7832585","6900707618"
"101160","월덱스","18550","19000","450","2.43","2676702","50900916100"
"336060","웨이버스","1720","1740","20","1.16","6667803","11611246620"
"095270","웨이브일렉트로","5580","5430","-150","-2.69","863910","4672425800"
"010600","웰바이오텍","1650","1710","60","3.64","43955875","78782457745"
"065950","웰크론","3355","3580","225","6.71","10711307","39480438415"
"076080","웰크론한텍","2935","4400","1465","49.91","100684242","424893528870"
"196700","웹스","3440","4000","560","16.28","46214245","180012678590"
"069080","웹젠","18700","20800","2100","11.23","1425994","27911583050"
"053580","웹케시","16450","20300","3850","23.40","1089559","20295771450"
"071460","위니아","2790","2545","-245","-8.78","1821242","4684177355"
"377460","위니아에이드","11700","9160","-2540","-21.71","7373414","73987396380"
"044340","위닉스","12150","12950","800","6.58","641201","7875600700"
"330350","위더스제약","8530","9000","470","5.51","606061","5443498230"
"348350","위드텍","15300","15100","-200","-1.31","210412","3185091550"
"112040","위메이드","59100","71100","12000","20.30","21833528","1469176169100"
"101730","위메이드맥스","18150","22600","4450","24.52","23238141","490011964800"
"123420","위메이드플레이","23550","28350","4800","20.38","4581814","122007057300"
"065370","위세아이텍","11350","11200","-150","-1.32","401306","4577579300"
"140660","위월드","2400","2495","95","3.96","10413","24403000"
"038620","위즈코프","1130","1195","65","5.75","25631708","30758175540"
"299900","위지윅스튜디오","21750","25450","3700","17.01","9382392","221521059700"
"036090","위지트","839","1025","186","22.17","129202777","137027042707"
"136540","윈스","13600","14300","700","5.15","412589","5728722100"
"320000","윈텍","2125","2325","200","9.41","6339750","15192257495"
"097800","윈팩","1400","1460","60","4.29","1394859","1986386075"
"192390","윈하이텍","3615","4030","415","11.48","2086998","8048839115"
"313760","윌링스","11100","11650","550","4.95","1571034","17958835650"
"008600","윌비스","931","999","68","7.30","7986209","7781378328"
"900340","윙입푸드","1365","1205","-160","-11.72","24657124","31683721415"
"033270","유나이티드제약","23550","25650","2100","8.92","1548539","39956746650"
"064510","유네코","2750","2750","0","0.00","0","0"
"014830","유니드","89000","96100","7100","7.98","1542231","146390257600"
"036200","유니셈","7360","7350","-10","-0.14","13656816","103223822090"
"018000","유니슨","2370","2780","410","17.30","22903756","58491317370"
"000910","유니온","5790","6460","670","11.57","25614174","165930308550"
"047400","유니온머티리얼","2230","3460","1230","55.16","273960733","906686573465"
"203450","유니온커뮤니티","2795","3270","475","16.99","4471622","14883457410"
"011330","유니켐","1200","1190","-10","-0.83","1867401","2216058585"
"077500","유니퀘스트","9000","9200","200","2.22","1760520","16342902000"
"011320","유니크","6520","7100","580","8.90","13513944","90818938210"
"086390","유니테스트","17850","19200","1350","7.56","3582355","65769856550"
"241690","유니테크노","5650","5830","180","3.19","2876920","16463129310"
"142210","유니트론텍","3695","4025","330","8.93","1596797","6109341470"
"121060","유니포인트","1700","1745","45","2.65","54690","95889485"
"048430","유라테크","6900","7350","450","6.52","437725","3186058600"
"206650","유바이오로직스","15750","17100","1350","8.57","9748643","164684164450"
"089850","유비벨록스","14650","16300","1650","11.26","2074577","33068851250"
"084440","유비온","2235","2295","60","2.68","135739","306649820"
"032620","유비케어","5360","6100","740","13.81","9942561","61661282120"
"264450","유비쿼스","14850","17300","2450","16.50","472643","7626765100"
"078070","유비쿼스홀딩스","16600","16300","-300","-1.81","1052491","17488957650"
"002920","유성기업","2820","2970","150","5.32","279803","808080225"
"024800","유성티엔에스","2555","2700","145","5.68","869491","2235575070"
"000700","유수홀딩스","5920","6130","210","3.55","391334","2348273420"
"054930","유신","27250","27300","50","0.18","4316727","115264144500"
"069330","유아이디","2060","2230","170","8.25","2079021","4576466560"
"049520","유아이엘","2550","3075","525","20.59","521086","1484428895"
"367460","유안타제7호스팩","2480","2180","-300","-12.10","8867780","21308453095"
"367480","유안타제8호스팩","2150","2150","0","0.00","493678","1064511235"
"003470","유안타증권","2675","2940","265","9.91","2348414","6488258225"
"003475","유안타증권우","2880","3235","355","12.33","90598","271998880"
"263770","유에스티","3025","3305","280","9.26","391314","1222209890"
"337840","유엑스엔","17400","19600","2200","12.64","58370","1060326850"
"072130","유엔젤","3180","3410","230","7.23","963079","3217621310"
"000220","유유제약","6470","6790","320","4.95","4754651","32830662150"
"000225","유유제약1우","8700","9420","720","8.28","1328868","12891174990"
"000227","유유제약2우B","17000","17250","250","1.47","22410","398754350"
"388720","유일로보틱스","21100","28650","7550","35.78","53319881","1439241045050"
"340930","유일에너테크","13250","15450","2200","16.60","1904647","28733920900"
"023410","유진기업","3905","4105","200","5.12","4124631","16162177985"
"056080","유진로봇","5020","5380","360","7.17","9051958","48047433775"
"373340","유진스팩6호","2265","2250","-15","-0.66","832091","1951605220"
"388800","유진스팩7호","2180","2155","-25","-1.15","189087","409599230"
"413630","유진스팩8호","2115","2120","5","0.24","199534","422941580"
"084370","유진테크","29650","28700","-950","-3.20","2659107","79533133638"
"001200","유진투자증권","2640","2925","285","10.80","3038086","8540626795"
"178780","유테크","1730","1730","0","0.00","0","0"
"221800","유투바이오","28750","29000","250","0.87","1698","43481400"
"179900","유티아이","17500","22950","5450","31.14","3376312","77208305150"
"263050","유틸렉스","6700","5290","-1410","-21.04","33077169","179856433730"
"000100","유한양행","57300","59100","1800","3.14","3085065","177792403300"
"000105","유한양행우","55200","56900","1700","3.08","10352","581274200"
"003460","유화증권","2340","2500","160","6.84","232688","552739530"
"003465","유화증권우","2535","2590","55","2.17","10556","27511205"
"191410","육일씨엔에쓰","3180","3425","245","7.70","721900","2473371385"
"008730","율촌화학","19000","26100","7100","37.37","2372357","50555761900"
"072770","율호","1385","1620","235","16.97","8943932","13369768530"
"008250","이건산업","8690","9470","780","8.98","979868","8664535750"
"039020","이건홀딩스","3910","3960","50","1.28","3844011","14637348045"
"025820","이구산업","2985","3320","335","11.22","4207577","13023672235"
"067920","이글루","5320","5690","370","6.95","1370226","7968980170"
"044960","이글벳","6200","6730","530","8.55","11528343","76805060310"
"303530","이노뎁","14600","14200","-400","-2.74","980579","14646515500"
"302430","이노메트리","9550","12000","2450","25.65","400948","4385660150"
"279060","이노벡스","4665","4865","200","4.29","65289","309515060"
"214320","이노션","45850","43300","-2550","-5.56","2668744","120428257300"
"056090","이노시스","2220","4540","2320","104.50","62840714","666312330310"
"073490","이노와이어리스","28000","29650","1650","5.89","862264","25147075500"
"215790","이노인스트루먼트","1665","1705","40","2.40","1648554","2741568850"
"344860","이노진","7000","7390","390","5.57","7996","56083140"
"246960","이노테라피","9150","9510","360","3.93","56685","528788850"
"088390","이녹스","21200","24900","3700","17.45","1776610","42964508350"
"272290","이녹스첨단소재","34050","33450","-600","-1.76","6889915","237259347500"
"053350","이니텍","3930","4195","265","6.74","2449673","10658221465"
"041520","이라이콤","5410","5770","360","6.65","482105","2671384830"
"264850","이랜시스","2925","3270","345","11.79","14982681","51142929470"
"054210","이랜텍","18950","19600","650","3.43","8847716","171910968700"
"164060","이루다","5320","5800","480","9.02","6003729","33688536225"
"065440","이루온","2410","3210","800","33.20","233921201","695279679980"
"088260","이리츠코크렙","5780","5820","40","0.69","1268736","7106781070"
"139480","이마트","106500","108000","1500","1.41","4570987","494145368850"
"115610","이미지스","2565","2605","40","1.56","2082527","5422951420"
"349720","이베스트스팩5호","2100","2105","5","0.24","115647","242657010"
"078020","이베스트투자증권","6470","6810","340","5.26","1129852","7427362020"
"131400","이브이첨단소재","1895","1795","-100","-5.28","40271342","76544040150"
"208850","이비테크","6060","5990","-70","-1.16","3226","17878630"
"351330","이삭엔지니어링","11100","11600","500","4.50","1050897","12186154650"
"080010","이상네트웍스","5490","5770","280","5.10","1194472","6629807310"
"379390","이성씨엔아이","12050","11800","-250","-2.07","328","3350550"
"086890","이수앱지스","8190","8260","70","0.85","14464525","124803088810"
"007660","이수페타시스","6870","6980","110","1.60","25515522","186467806810"
"005950","이수화학","14500","16200","1700","11.72","6691928","101751317200"
"015020","이스타코","1275","1495","220","17.25","39244468","57438105180"
"047560","이스트소프트","9680","9940","260","2.69","1075952","10627157350"
"900110","이스트아시아홀딩스","225","228","3","1.33","93109129","21199452951"
"067010","이씨에스","3870","4195","325","8.40","13996108","65621294785"
"093230","이아이디","1280","1510","230","17.97","29780989","43596252735"
"341310","이앤에치","1700","1695","-5","-0.29","48590","75624610"
"101360","이엔드디","23350","27900","4550","19.49","2092810","56385350100"
"102710","이엔에프테크놀로지","27650","29350","1700","6.15","1130945","32226236400"
"066980","이엔코퍼레이션","2915","3210","295","10.12","6698836","21194689565"
"074610","이엔플러스","3075","3170","95","3.09","13032017","42412205080"
"063760","이엘피","5340","5350","10","0.19","993823","5386719480"
"123570","이엠넷","5340","6140","800","14.98","1644721","9410626750"
"083470","이엠앤아이","3220","3220","0","0.00","0","0"
"095190","이엠코리아","2855","3300","445","15.59","4557443","14321086675"
"091120","이엠텍","27150","27150","0","0.00","1395182","39231335350"
"232530","이엠티","3050","4485","1435","47.05","59482","154939305"
"102460","이연제약","23250","27300","4050","17.42","8367371","228354232750"
"039030","이오테크닉스","77800","78700","900","1.16","1617606","125423079900"
"294090","이오플로우","19350","20600","1250","6.46","1629554","32214691600"
"088290","이원컴포텍","8640","9100","460","5.32","2756097","23711402460"
"084680","이월드","1795","1990","195","10.86","33961632","69485380505"
"181340","이즈미디어","2705","2705","0","0.00","0","0"
"353810","이지바이오","4350","4530","180","4.14","26461875","122767569650"
"350520","이지스레지던스리츠","4870","4620","-250","-5.13","1400499","6402084585"
"334890","이지스밸류리츠","5140","5050","-90","-1.75","1351477","6677608000"
"099750","이지케어텍","24500","25050","550","2.24","414687","10610736400"
"377330","이지트로닉스","13350","15600","2250","16.85","8027731","123439787750"
"035810","이지홀딩스","3650","3650","0","0.00","15776969","57213793455"
"160600","이큐셀","3100","3100","0","0.00","0","0"
"092130","이크레더블","17100","17150","50","0.29","154581","2620998300"
"096040","이트론","183","200","17","9.29","278450769","54278007666"
"134060","이퓨쳐","6480","6450","-30","-0.46","341034","2298457140"
"001840","이화공영","5880","6620","740","12.59","9709924","63255574770"
"000760","이화산업","15000","16100","1100","7.33","23092","358437950"
"024810","이화전기","1130","959","-171","-15.13","63178569","62403052361"
"014990","인디에프","780","776","-4","-0.51","1029801","787031787"
"041830","인바디","23100","25750","2650","11.47","680543","16835688900"
"352940","인바이오","5300","5990","690","13.02","612559","3566363100"
"101140","인바이오젠","1830","2190","360","19.67","18497527","42967305875"
"216400","인바이츠바이오코아","8800","8900","100","1.14","6886","60962280"
"079950","인베니아","2005","2095","90","4.49","1806445","3821271755"
"277410","인산가","2010","2155","145","7.21","2367856","4921128010"
"060150","인선이엔티","8490","9640","1150","13.55","14157838","138499910260"
"033230","인성정보","2185","2340","155","7.09","24839774","60586373410"
"006490","인스코비","2195","2110","-85","-3.87","11985709","25558548420"
"037330","인지디스플레","1830","2005","175","9.56","981488","1873556325"
"023800","인지컨트롤스","7260","8270","1010","13.91","1921029","15495131210"
"034590","인천도시가스","25000","27550","2550","10.20","1095441","31563739650"
"211050","인카금융서비스","7950","7570","-380","-4.78","2156027","15662002370"
"083640","인콘","1055","1325","270","25.59","208016969","327413384019"
"216050","인크로스","17700","16350","-1350","-7.63","1655247","26255904550"
"049070","인탑스","28000","31750","3750","13.39","9626627","297164626150"
"119610","인터로조","26750","28600","1850","6.92","1286880","36398676700"
"017250","인터엠","1210","1290","80","6.61","1446521","1867273465"
"129260","인터지스","2810","3010","200","7.12","1785261","5122285195"
"051370","인터플렉스","12700","12650","-50","-0.39","2067512","26634221300"
"064290","인텍플러스","19200","18300","-900","-4.69","2809316","52927673100"
"189300","인텔리안테크","62600","69300","6700","10.70","972146","63827983100"
"150840","인트로메딕","5850","5850","0","0.00","0","0"
"048530","인트론바이오","10450","12500","2050","19.62","8602118","97624165950"
"023810","인팩","8580","8900","320","3.73","474332","4219061320"
"175140","인포마크","7040","7000","-40","-0.57","278821","2021980830"
"115310","인포바인","30300","37200","6900","22.77","8866205","324604749700"
"039290","인포뱅크","13750","14850","1100","8.00","5207102","75926883650"
"071200","인피니트헬스케어","5110","5960","850","16.63","7557363","45824808300"
"101930","인화정공","13750","15000","1250","9.09","580614","8105567000"
"249420","일동제약","33200","39900","6700","20.18","107209393","4664233325150"
"000230","일동홀딩스","25850","31850","6000","23.21","35542033","1115582578100"
"013360","일성건설","3590","4105","515","14.35","31764622","124841260950"
"003120","일성신약","77000","77600","600","0.78","11173","866530100"
"333430","일승","3240","3990","750","23.15","33850593","125006563755"
"068330","일신바이오","3430","3430","0","0.00","0","0"
"003200","일신방직","95500","104000","8500","8.90","110532","11176340900"
"007110","일신석재","1400","1560","160","11.43","10816050","16114277365"
"058450","일야","604","654","50","8.28","6476938","4050832633"
"007570","일양약품","23250","23850","600","2.58","1891582","45707307400"
"007575","일양약품우","25650","25550","-100","-0.39","34445","910542250"
"008500","일정실업","18400","24100","5700","30.98","154487","3359023600"
"019540","일지테크","2475","2830","355","14.34","528986","1370308780"
"081000","일진다이아","19300","22900","3600","18.65","663583","13698022700"
"020760","일진디스플","2135","2000","-135","-6.32","17911954","39426404730"
"020150","일진머티리얼즈","69300","75700","6400","9.24","5962753","429042558500"
"103590","일진전기","6950","5940","-1010","-14.53","18334053","120848788280"
"094820","일진파워","16700","19300","2600","15.57","9703703","167894989800"
"271940","일진하이솔루스","32000","38250","6250","19.53","1702040","57908127600"
"015860","일진홀딩스","6250","6130","-120","-1.92","30930264","206256497020"
"226320","잇츠한불","16250","16650","400","2.46","613936","9964960450"
"950140","잉글우드랩","4810","4790","-20","-0.42","4655630","24124073925"
"049550","잉크테크","6780","6820","40","0.59","309737","2083607690"
"254120","자비스","1795","1865","70","3.90","8212479","15488050015"
"043910","자연과환경","1445","1750","305","21.11","138812602","221004409095"
"234920","자이글","2910","2805","-105","-3.61","260483","708832835"
"289220","자이언트스텝","22950","27700","4750","20.70","12000998","322403489550"
"317400","자이에스앤디","5940","8020","2080","35.02","21951278","181486167290"
"033240","자화전자","23900","24250","350","1.46","6323527","161332025900"
"174880","장원테크","1650","1655","5","0.30","1158576","1942072985"
"049630","재영솔루텍","698","785","87","12.46","4362064","3356111144"
"000950","전방","55500","54100","-1400","-2.52","27246","1514406600"
"110020","전진바이오팜","4480","3995","-485","-10.83","415685","1834773960"
"208140","정다운","2285","2400","115","5.03","3182470","7461613775"
"040420","정상제이엘에스","7460","7590","130","1.74","255508","1910870980"
"045510","정원엔시스","1965","2190","225","11.45","141405760","321470132110"
"217190","제너셈","6230","6260","30","0.48","359935","2225624730"
"095700","제넥신","32900","33450","550","1.67","2491446","82571690050"
"072520","제넨바이오","2290","2200","-90","-3.93","13286717","33661666685"
"122310","제노레이","8070","8920","850","10.53","1868457","16719795130"
"361390","제노코","21400","26200","4800","22.43","3514921","84590612200"
"066830","제노텍","3595","3000","-595","-16.55","11562","35839725"
"187420","제노포커스","5570","6650","1080","19.39","26869408","200217430550"
"225220","제놀루션","12350","12700","350","2.83","5430126","75810490700"
"123330","제닉","3970","5100","1130","28.46","19211681","103730219360"
"159580","제로투세븐","6890","7230","340","4.93","3191504","22481465190"
"147830","제룡산업","2990","3140","150","5.02","1893372","5687434580"
"033100","제룡전기","6980","7480","500","7.16","14648862","108140840950"
"079370","제우스","22900","22900","0","0.00","3030746","70837181550"
"054950","제이브이엠","17000","21850","4850","28.53","3369469","66871243300"
"023440","제이스코홀딩스","2350","1995","-355","-15.11","3497880","7828269380"
"090470","제이스텍","5720","6850","1130","19.76","2933804","19346983950"
"287410","제이시스메디칼","7340","7960","620","8.45","9583238","73481178340"
"137950","제이씨케미칼","7820","8550","730","9.34","16151550","139813720130"
"033320","제이씨현시스템","4905","5270","365","7.44","1523688","8014566600"
"348950","제이알글로벌리츠","4505","4685","180","4.00","16024966","72172020640"
"204270","제이앤티씨","5040","5190","150","2.98","390009","2020218460"
"194370","제이에스코퍼레이션","17500","17350","-150","-0.86","1646100","28160473450"
"026040","제이에스티나","2995","3050","55","1.84","841225","2451965250"
"126880","제이엔케이히터","5530","6070","540","9.76","8005101","46978611710"
"322510","제이엘케이","4695","5100","405","8.63","415123","2031712655"
"254160","제이엠멀티","5490","4370","-1120","-20.40","10510","45596420"
"033050","제이엠아이","1100","1160","60","5.45","2614397","2949047465"
"094970","제이엠티","3310","3625","315","9.52","1758202","6130985230"
"058420","제이웨이","2160","2160","0","0.00","0","0"
"025620","제이준코스메틱","972","907","-65","-6.69","10067100","9714313411"
"089790","제이티","6660","7040","380","5.71","2303421","16780504400"
"030000","제일기획","23550","22500","-1050","-4.46","6987826","156570481748"
"052670","제일바이오","1875","1865","-10","-0.53","1434468","2652814930"
"271980","제일약품","21150","23050","1900","8.98","2216749","54828635550"
"001560","제일연마","9060","9390","330","3.64","854865","7895409590"
"199820","제일전기공업","11950","12550","600","5.02","281487","3335270850"
"038010","제일테크노스","7070","7950","880","12.45","3733621","26464586380"
"002620","제일파마홀딩스","12050","13300","1250","10.37","625232","8428801900"
"276730","제주맥주","2170","2410","240","11.06","28256750","68117015410"
"080220","제주반도체","4210","4835","625","14.85","40998243","198416444760"
"006220","제주은행","4395","5330","935","21.27","27889455","166422161065"
"089590","제주항공","15700","15400","-300","-1.91","4334676","65464591641"
"216080","제테마","13800","15650","1850","13.41","502060","7435799750"
"229000","젠큐릭스","9280","9700","420","4.53","590876","5772570010"
"248020","젬","2500","2500","0","0.00","0","0"
"082270","젬백스","13050","15150","2100","16.09","3045992","42110123350"
"064800","젬백스링크","1310","1395","85","6.49","8288632","11340038330"
"044060","조광ILI","2441","1580","-861","-35.27","157744525","531267608860"
"004910","조광페인트","6100","8010","1910","31.31","1717549","12275267670"
"004700","조광피혁","42800","44650","1850","4.32","12837","559672800"
"001550","조비","19500","20800","1300","6.67","813391","15934238850"
"000480","조선내화","79400","77600","-1800","-2.27","22639","1755853600"
"120030","조선선재","152500","159500","7000","4.59","3626056","578363458500"
"034940","조아제약","2875","2950","75","2.61","3206176","9610947790"
"067000","조이시티","4770","5140","370","7.76","34167920","180063765695"
"018470","조일알미늄","1615","2235","620","38.39","205537616","446528478010"
"002600","조흥","174000","183000","9000","5.17","1282","226772500"
"185750","종근당","88800","91200","2400","2.70","406541","36763674400"
"063160","종근당바이오","28800","30550","1750","6.08","540167","16444265550"
"001630","종근당홀딩스","56400","61200","4800","8.51","86194","5055291600"
"033340","좋은사람들","1055","1055","0","0.00","0","0"
"036930","주성엔지니어링","16650","15850","-800","-4.80","20821189","345052143150"
"044380","주연테크","818","885","67","8.19","3800515","3324520271"
"239340","줌인터넷","4005","4325","320","7.99","13068327","57396332220"
"051980","중앙디앤엠","712","691","-21","-2.95","5351673","3918477777"
"072020","중앙백신","12150","12700","550","4.53","337985","4257729600"
"000440","중앙에너비스","21550","21300","-250","-1.16","1556479","33210249700"
"078650","지나인제약","2120","2120","0","0.00","0","0"
"228760","지노믹트리","13350","13150","-200","-1.50","2523738","34055480150"
"314130","지놈앤컴퍼니","18000","21400","3400","18.89","2466665","50951180650"
"013890","지누스","50200","47800","-2400","-4.78","1088868","51570322500"
"389030","지니너스","4103","2965","-1138","-27.74","23560436","110622699350"
"043610","지니뮤직","4100","4480","380","9.27","30064406","147705356605"
"263860","지니언스","7950","9030","1080","13.58","593381","5141022340"
"303030","지니틱스","2320","2640","320","13.79","18540050","47920971595"
"036180","지더블유바이텍","782","879","97","12.40","125246977","143818523853"
"208350","지란지교시큐리티","3835","3935","100","2.61","183960","711595060"
"144510","지씨셀","59200","65900","6700","11.32","2715589","175207989600"
"382480","지아이텍","3005","3435","430","14.31","8930854","29008520845"
"382800","지앤비에스엔지니어링","11650","12100","450","3.86","669244","8089688800"
"299480","지앤이헬스케어","899","896","-3","-0.33","1331","1164102"
"051160","지어소프트","12200","12700","500","4.10","1409301","17110162400"
"053050","지에스이","4565","5310","745","16.32","95869484","494392644830"
"119850","지엔씨에너지","4320","4535","215","4.98","14432310","66735492140"
"270520","지엔원에너지","2565","2750","185","7.21","11864112","32976109960"
"065060","지엔코","567","573","6","1.06","2457366","1395753625"
"204840","지엘팜텍","896","958","62","6.92","10631015","10423772992"
"013870","지엠비코리아","5480","5890","410","7.48","648214","3628000320"
"071320","지역난방공사","31100","33300","2200","7.07","42355","1352098650"
"311320","지오엘리먼트","18200","19950","1750","9.62","2216424","44915362350"
"035000","지투알","5800","6000","200","3.45","152225","909354970"
"388050","지투파워","7388","15500","8112","109.80","26505426","1179785673400"
"219750","지티지웰니스","1425","1425","0","0.00","0","0"
"088790","진도","2920","3330","410","14.04","1086241","3522705155"
"018120","진로발효","23550","24150","600","2.55","112808","2716727850"
"109820","진매트릭스","7830","7680","-150","-1.92","70223003","621780688410"
"086060","진바이오텍","4825","4880","55","1.14","1197998","5785238415"
"036890","진성티이씨","10200","10350","150","1.47","4552717","47232422790"
"363250","진시스템","10150","9830","-320","-3.15","529516","5454734710"
"003780","진양산업","7340","7650","310","4.22","1354558","10114689900"
"007370","진양제약","5990","6160","170","2.84","484983","3009488730"
"010640","진양폴리","5760","6340","580","10.07","1663776","10098203340"
"100250","진양홀딩스","3635","3570","-65","-1.79","865461","3091320330"
"051630","진양화학","3800","3990","190","5.00","776753","2959619310"
"272450","진에어","14550","14750","200","1.37","4249165","60214853300"
"011000","진원생명과학","11150","13250","2100","18.83","70993087","1029555813950"
"250030","진코스텍","4250","4395","145","3.41","25453","102904630"
"002780","진흥기업","1695","1815","120","7.08","23754020","40614577455"
"002787","진흥기업2우B","14900","14900","0","0.00","13517","194553300"
"002785","진흥기업우B","5430","5610","180","3.31","28350","151565130"
"233990","질경이","799","689","-110","-13.77","81968","56912881"
"085660","차바이오텍","15000","16800","1800","12.00","5172644","81858258700"
"261780","차백신연구소","6390","7530","1140","17.84","74680287","595920603160"
"009310","참엔지니어링","837","846","9","1.08","2940558","2437755278"
"158310","참존글로벌","1680","1680","0","0.00","0","0"
"094850","참좋은여행","9700","10100","400","4.12","1276670","12277468230"
"004650","창해에탄올","12000","12900","900","7.50","1808682","22989473700"
"278280","천보","216100","252900","36800","17.03","1206359","282280881500"
"000650","천일고속","63400","66000","2600","4.10","6010","390645600"
"140290","청광건설","592","597","5","0.84","5598","3017261"
"362320","청담글로벌","9150","10700","1550","16.94","90453528","932615125960"
"066360","체리부로","1180","1195","15","1.27","512964","605600890"
"033250","체시스","1030","1110","80","7.77","3048882","3177558067"
"047820","초록뱀미디어","15500","17300","1800","11.61","2873562","46845113000"
"052300","초록뱀컴퍼니","820","889","69","8.41","104803602","102998882816"
"118000","초록뱀헬스케어","974","936","-38","-3.90","13585560","13670703551"
"094360","칩스앤미디어","15400","18950","3550","23.05","2766338","47668064550"
"016790","카나리아바이오","35000","34900","-100","-0.29","42978560","1754363103900"
"016920","카스","2320","2450","130","5.60","34090979","88808210745"
"284620","카이노스메드","9353","7210","-2143","-22.91","2695260","21665303320"
"035720","카카오","71800","83900","12100","16.85","39167751","2965736182676"
"293490","카카오게임즈","49000","59700","10700","21.84","22954123","1249337652400"
"323410","카카오뱅크","31300","32300","1000","3.19","31514663","984658174150"
"377300","카카오페이","65300","74500","9200","14.09","11761456","802295897100"
"042000","카페24","12500","13350","850","6.80","1467710","18912475650"
"006380","카프로","2880","3025","145","5.03","1650329","4747235705"
"317530","캐리소프트","6360","6390","30","0.47","1959490","14457196960"
"071850","캐스텍코리아","1920","2110","190","9.90","558552","1115682575"
"050110","캠시스","2300","2710","410","17.83","427683066","1119885670980"
"223310","커머스마이너","3320","3320","0","0.00","0","0"
"109070","컨버즈","4100","4100","0","0.00","0","0"
"900310","컬러레이","1010","1055","45","4.46","5871580","5889986377"
"078340","컴투스","75100","86700","11600","15.45","3549308","283359017000"
"063080","컴투스홀딩스","53600","63400","9800","18.28","5214984","309898252900"
"307930","컴퍼니케이","6050","6390","340","5.62","1066026","6738337500"
"079190","케스피온","1275","1370","95","7.45","4344008","5821755585"
"263700","케어랩스","6220","6710","490","7.88","4021041","28359572600"
"214370","케어젠","99600","142600","43000","43.17","2198625","277781389200"
"221980","케이디켐","14250","14650","400","2.81","1265852","19495306650"
"001620","케이비아이동국실업","603","668","65","10.78","1816608","1167101706"
"342550","케이비제20호스팩","2290","2290","0","0.00","0","0"
"424140","케이비제21호스팩","2105","2100","-5","-0.24","604383","1274702305"
"192250","케이사인","1760","2055","295","16.76","49817712","101193953320"
"029460","케이씨","20000","17950","-2050","-10.25","660424","12444712350"
"115500","케이씨에스","6270","6780","510","8.13","11085034","77874480140"
"281820","케이씨텍","17900","16450","-1450","-8.10","595622","10277017400"
"089150","케이씨티","5550","5720","170","3.06","5694657","32547974330"
"025880","케이씨피드","3795","3500","-295","-7.77","6427289","22744797150"
"093320","케이아이엔엑스","50000","57300","7300","14.60","254083","13859397250"
"073010","케이에스피","2160","2085","-75","-3.47","1516280","3138165750"
"105330","케이엔더블유","9170","10900","1730","18.87","780072","7791930090"
"272110","케이엔제이","11400","11050","-350","-3.07","378906","4197255000"
"039420","케이엘넷","2830","3005","175","6.18","5388116","16635853265"
"083550","케이엠","6410","7330","920","14.35","9624164","75788944150"
"032500","케이엠더블유","27150","31650","4500","16.57","3132214","96619101500"
"225430","케이엠제약","1570","1700","130","8.28","4266524","7564318640"
"102370","케이옥션","12300","7230","-5070","-41.22","24662691","225149521710"
"381970","케이카","20000","22400","2400","12.00","11589562","251780748250"
"145270","케이탑리츠","1075","1145","70","6.51","2750291","2926068525"
"036030","케이티알파","5290","6550","1260","23.82","31337122","209449274510"
"064820","케이프","4195","4765","570","13.59","8396537","41492326475"
"347140","케이프이에스제4호","2120","2100","-20","-0.94","81904","172205975"
"256940","케이피에스","5710","6270","560","9.81","679638","4252494650"
"024880","케이피에프","7130","9460","2330","32.68","73481808","627101534500"
"042040","케이피엠테크","582","546","-36","-6.19","32869114","18314865279"
"054410","케이피티유","5750","6010","260","4.52","189717","1120296650"
"258610","케일럼","4670","4335","-335","-7.17","1560039","6582834035"
"274090","켄코아에어로스페이스","10700","11500","800","7.48","1184852","13338753900"
"402420","켈스","14950","14800","-150","-1.00","1364","18965200"
"217600","켐온","2765","2875","110","3.98","81367726","247159049335"
"089010","켐트로닉스","19000","21650","2650","13.95","1015407","20801846800"
"220260","켐트로스","6940","10100","3160","45.53","36409014","345362711430"
"176590","코나솔","5340","6190","850","15.92","72780","445938750"
"052400","코나아이","17000","18000","1000","5.88","1272052","22081535750"
"402030","코난테크놀로지","35500","25850","-9650","-27.18","8509709","260758318100"
"391710","코닉오토메이션","2690","4395","1705","63.38","45509680","169275787065"
"046070","코다코","1270","1310","40","3.15","1874619","2463291765"
"047770","코데즈컴바인","1860","2295","435","23.39","123816295","301355389525"
"078940","코드네이처","1665","1455","-210","-12.61","1741977","2606023390"
"080530","코디","1400","1555","155","11.07","1362058","2116256575"
"224060","코디엠","865","856","-9","-1.04","14808859","3072601966"
"417310","코람코더원리츠","5470","5400","-70","-1.28","853084","4458926280"
"357120","코람코에너지리츠","5800","5550","-250","-4.31","2588525","14265352190"
"104540","코렌텍","10350","10750","400","3.86","878339","8988273500"
"027050","코리아나","2950","3020","70","2.37","2215312","6593634255"
"290510","코리아센터","5040","5640","600","11.90","4009116","21367377970"
"007815","코리아써우","8010","8100","90","1.12","52057","424897050"
"007810","코리아써키트","19200","18700","-500","-2.60","5299970","105291829450"
"00781K","코리아써키트2우B","8550","8600","50","0.58","9785","83756180"
"190650","코리아에셋투자증권","9650","9920","270","2.80","2309295","24455868080"
"101670","코리아에스이","2055","2270","215","10.46","5579415","12146127320"
"123410","코리아에프티","2795","2915","120","4.29","4130718","11789604510"
"003690","코리안리","8510","8670","160","1.88","2622209","22914968400"
"036690","코맥스","3515","3780","265","7.54","649509","2346290510"
"049430","코메론","8920","9430","510","5.72","425884","3941042000"
"183300","코미코","47600","45700","-1900","-3.99","776051","36894146250"
"041960","코미팜","7190","7920","730","10.15","1949762","14134355120"
"089890","코세스","8620","10200","1580","18.33","4531082","44968989430"
"009730","코센","2715","2715","0","0.00","0","0"
"189350","코셋","2245","2185","-60","-2.67","4642","8602665"
"082660","코스나인","965","996","31","3.21","11719915","12103450573"
"192820","코스맥스","61700","67400","5700","9.24","2153077","146301279650"
"044820","코스맥스비티아이","9710","9440","-270","-2.78","551982","5166558260"
"222040","코스맥스엔비티","4480","5020","540","12.05","1591882","7649523570"
"241710","코스메카코리아","9730","9740","10","0.10","413376","4024003980"
"005070","코스모신소재","49650","62400","12750","25.68","18169609","1010985483900"
"005420","코스모화학","14650","22450","7800","53.24","49998020","941481848600"
"069110","코스온","2630","2630","0","0.00","0","0"
"169670","코스텍시스템","9600","11500","1900","19.79","126017","1369505150"
"071950","코아스","995","993","-2","-0.20","1428288","1383838842"
"166480","코아스템","10800","11150","350","3.24","606823","7041496050"
"045970","코아시아","6350","7430","1080","17.01","4380984","31671249410"
"196450","코아시아옵틱스","2000","1915","-85","-4.25","3137371","5966050935"
"029960","코엔텍","8210","8700","490","5.97","7619756","67192957610"
"002020","코오롱","22850","25750","2900","12.69","599050","14652876400"
"003070","코오롱글로벌","15800","18650","2850","18.04","3311594","63715659750"
"003075","코오롱글로벌우","27950","30350","2400","8.59","114138","3736496100"
"102940","코오롱생명과학","32800","39900","7100","21.65","881269","32754010500"
"002025","코오롱우","16100","16800","700","4.35","779103","15323768950"
"120110","코오롱인더","51700","54500","2800","5.42","2963755","155136495750"
"120115","코오롱인더우","27050","28500","1450","5.36","110153","3092005600"
"950160","코오롱티슈진","8010","8010","0","0.00","0","0"
"138490","코오롱플라스틱","10550","11850","1300","12.32","5659618","63672063980"
"056000","코원플레이","2860","2860","0","0.00","0","0"
"021240","코웨이","64900","64500","-400","-0.62","2427917","155477517400"
"033290","코웰패션","6200","6730","530","8.55","2540549","16386471170"
"056360","코위버","7010","7290","280","3.99","712120","4975012710"
"282880","코윈테크","24400","28550","4150","17.01","1413007","38041285300"
"121850","코이즈","3130","3835","705","22.52","43060080","160971439670"
"015710","코콤","4955","5160","205","4.14","338384","1720465145"
"052330","코텍","8620","9720","1100","12.76","1287464","12097998670"
"322780","코퍼스코리아","2365","2745","380","16.07","33076754","89049615525"
"126600","코프라","6420","6460","40","0.62","16574079","114125923690"
"036420","콘텐트리중앙","35750","42000","6250","17.48","3542493","132773395100"
"200130","콜마비앤에이치","26700","27700","1000","3.75","1345140","36222732750"
"031820","콤텍시스템","770","861","91","11.82","9858633","7944683536"
"294570","쿠콘","32800","34850","2050","6.25","900882","30172871800"
"192400","쿠쿠홀딩스","15900","16950","1050","6.60","873197","14393499300"
"284740","쿠쿠홈시스","28150","31150","3000","10.66","381999","11400105450"
"317690","퀀타매트릭스","6010","6540","530","8.82","2824252","18999336150"
"365270","큐라클","19200","17700","-1500","-7.81","4329318","81143744500"
"060280","큐렉소","7430","8040","610","8.21","1179474","9366787850"
"015590","큐로","390","411","21","5.38","5467230","2217117837"
"040350","큐로컴","1105","1120","15","1.36","7050893","8321940215"
"051780","큐로홀딩스","500","501","1","0.20","4930953","2471557398"
"115180","큐리언트","30300","30300","0","0.00","0","0"
"182360","큐브엔터","13150","13750","600","4.56","1984720","27504232450"
"066310","큐에스아이","12100","12750","650","5.37","2505917","31066909750"
"136660","큐엠씨","2060","2590","530","25.73","9132","19006200"
"016600","큐캐피탈","567","558","-9","-1.59","22811446","12697239299"
"264900","크라운제과","8600","9790","1190","13.84","5005352","51992032530"
"26490K","크라운제과우","11000","12500","1500","13.64","1036276","13624660050"
"005740","크라운해태홀딩스","7110","7500","390","5.49","3536502","30068438550"
"005745","크라운해태홀딩스우","11450","11700","250","2.18","129854","1631528950"
"259960","크래프톤","237000","259000","22000","9.28","3969756","977630963000"
"096240","크레버스","23850","24250","400","1.68","427236","10502078550"
"215570","크로넥스","3200","2750","-450","-14.06","74295","198304770"
"043590","크로바하이텍","1515","1795","280","18.48","7249925","11739787100"
"114120","크루셜텍","1085","1085","0","0.00","0","0"
"110790","크리스에프앤씨","35500","35300","-200","-0.56","593052","20606845150"
"900250","크리스탈신소재","988","1130","142","14.37","80500942","90970176364"
"083790","크리스탈지노믹스","4190","4055","-135","-3.22","3427944","14333194875"
"045520","크린앤사이언스","10150","10350","200","1.97","211120","2220100100"
"036170","클라우드에어","1095","1235","140","12.79","14306889","18099708495"
"214150","클래시스","14500","15550","1050","7.24","6500658","102302807500"
"352770","클리노믹스","7700","8310","610","7.92","2812885","25356996100"
"237880","클리오","14400","14700","300","2.08","1210146","17452001000"
"139670","키네마스터","9290","11100","1810","19.48","5043455","58446325620"
"020120","키다리스튜디오","8260","10200","1940","23.49","28739422","290886223690"
"413600","키움제6호스팩","2275","2175","-100","-4.40","1340149","3003193400"
"039490","키움증권","79600","88900","9300","11.68","1559250","123723803700"
"054780","키이스트","7660","8710","1050","13.71","1189261","9854674970"
"336040","타스컴","19700","18600","-1100","-5.58","2262","42064700"
"219130","타이거일렉","16200","15950","-250","-1.54","727254","11459019800"
"318660","타임기술","2295","1740","-555","-24.18","54480","84223895"
"180060","탑선","13150","12400","-750","-5.70","132195","1626843100"
"065130","탑엔지니어링","5600","6150","550","9.82","442292","2694271970"
"134580","탑코미디어","7350","8820","1470","20.00","1677683","13639428360"
"014580","태경비케이","4125","4545","420","10.18","2701427","11488126490"
"015890","태경산업","6180","6650","470","7.61","7293193","49043405550"
"006890","태경케미컬","14350","13300","-1050","-7.32","6396063","91988855200"
"023160","태광","13050","16700","3650","27.97","10564985","154062670400"
"003240","태광산업","906000","886000","-20000","-2.21","6908","6154388000"
"011280","태림포장","3105","3340","235","7.57","2347718","7803100315"
"323280","태성","1890","1725","-165","-8.73","10695222","19276098180"
"053620","태양","8290","9080","790","9.53","1134822","10098580690"
"004100","태양금속","1415","1400","-15","-1.06","3831304","5246816095"
"004105","태양금속우","2525","2520","-5","-0.20","145020","360062310"
"116100","태양기계","1005","1000","-5","-0.50","15625","15003690"
"009410","태영건설","6760","7060","300","4.44","3684418","25834592510"
"009415","태영건설우","9700","11800","2100","21.65","1902405","22746736370"
"044490","태웅","9930","11150","1220","12.29","1466474","14876332700"
"124560","태웅로직스","5460","5160","-300","-5.49","11916515","60966110480"
"001420","태원물산","4950","5060","110","2.22","236792","1192730800"
"007980","태평양물산","1845","1815","-30","-1.63","1980407","3488663940"
"191420","테고사이언스","21700","20550","-1150","-5.30","381916","8124225800"
"073640","테라사이언스","1855","1715","-140","-7.55","9555798","16970064020"
"182690","테라셈","1440","1440","0","0.00","0","0"
"066700","테라젠이텍스","4455","4860","405","9.09","5952731","29014840770"
"095610","테스","20000","20300","300","1.50","1933769","38994860300"
"055490","테이팩스","68600","80400","11800","17.20","467028","34389910200"
"308700","테크엔","726","695","-31","-4.27","6718","4170539"
"089030","테크윙","7544","8110","566","7.50","9416830","139851317030"
"258050","테크트랜스","1185","1200","15","1.27","30924","34857800"
"054450","텔레칩스","14400","15500","1100","7.64","4151535","64233499100"
"091440","텔레필드","4130","3920","-210","-5.08","1317291","5297140245"
"078000","텔코웨어","9470","9850","380","4.01","60552","581673520"
"200230","텔콘RF제약","1540","1515","-25","-1.62","7529041","11544552040"
"214420","토니모리","4220","4125","-95","-2.25","2614560","11082533140"
"393210","토마토시스템","11850","10700","-1150","-9.70","5588","61575130"
"215480","토박스코리아","4610","4910","300","6.51","746398","3547169550"
"051360","토비스","9100","9250","150","1.65","1664794","15238318690"
"045340","토탈소프트","6140","6390","250","4.07","11438113","77762203980"
"108230","톱텍","7240","7790","550","7.60","1109197","8203386410"
"079970","투비소프트","1080","968","-112","-10.37","4184194","4139804784"
"199800","툴젠","70500","68400","-2100","-2.98","645101","44913665500"
"105550","트루윈","2580","2755","175","6.78","28613666","84371159970"
"290090","트윔","16400","19200","2800","17.07","1123402","20790462250"
"026150","특수건설","8650","11300","2650","30.64","13073277","140033065960"
"322180","티라유텍","8810","9240","430","4.88","218064","1989154370"
"117730","티로보틱스","7090","8010","920","12.98","12311104","96654942470"
"033830","티비씨","989","1085","96","9.71","10924021","11423725994"
"057680","티사이언티픽","2415","3205","790","32.71","49817700","159996288670"
"064760","티씨케이","113700","116700","3000","2.64","686046","82394608650"
"246710","티앤알바이오팹","15500","19950","4450","28.71","7444464","144039646450"
"340570","티앤엘","33700","37400","3700","10.98","1544269","55353723100"
"043220","티에스넥스젠","1130","1185","55","4.87","10071569","11773552030"
"277880","티에스아이","9580","10450","870","9.08","1512645","15158901960"
"131290","티에스이","60700","58300","-2400","-3.95","3115515","188069256800"
"019180","티에이치엔","3040","3295","255","8.39","1152569","3640730990"
"356860","티엘비","37150","40900","3750","10.09","1434028","56777909450"
"062860","티엘아이","7000","7040","40","0.57","254595","1759488060"
"363280","티와이홀딩스","18400","18950","550","2.99","1199328","21932934200"
"36328K","티와이홀딩스우","16450","18300","1850","11.25","55434","928963050"
"321550","티움바이오","16350","16800","450","2.75","1634178","28714691100"
"091810","티웨이항공","1990","2020","30","1.51","8742297","17442116370"
"004870","티웨이홀딩스","545","539","-6","-1.10","4782442","2549641974"
"104480","티케이케미칼","4060","4425","365","8.99","8863653","36817367530"
"081150","티플랙스","4290","4835","545","12.70","40833253","192906491730"
"130740","티피씨글로벌","2900","3200","300","10.34","2754897","8595215740"
"217880","틸론","11000","12800","1800","16.36","31255","350068740"
"084730","팅크웨어","13750","16950","3200","23.27","4283754","68019727100"
"046210","파나진","3105","2995","-110","-3.54","987467","3083742050"
"058530","파나케이아","1620","1620","0","0.00","0","0"
"034230","파라다이스","13700","15000","1300","9.49","11473194","154198634900"
"033540","파라텍","1555","1340","-215","-13.83","25573286","36537227440"
"043200","파루","1030","1175","145","14.08","6331097","6926769168"
"214450","파마리서치","65600","69500","3900","5.95","1747260","118841199600"
"217950","파마리서치바이오","32850","34000","1150","3.50","10901","351517150"
"208340","파멥신","4190","3805","-385","-9.19","4642687","17838502775"
"005690","파미셀","12200","13550","1350","11.07","24855153","326873581800"
"177830","파버나인","3890","4140","250","6.43","1652553","6682577145"
"037070","파세코","16650","14100","-2550","-15.32","3479335","52936382050"
"150900","파수","8960","9850","890","9.93","563945","5249729670"
"037030","파워넷","3765","4515","750","19.92","18232074","79790992160"
"047310","파워로직스","5770","6490","720","12.48","7629296","48968733760"
"266870","파워풀엑스","1295","1300","5","0.39","17735","23918350"
"368770","파이버프로","3790","4330","540","14.25","9790255","40644453280"
"170790","파이오링크","10900","11750","850","7.80","184697","2098619100"
"049120","파인디앤씨","1795","1945","150","8.36","4496468","8830923715"
"038950","파인디지털","5460","6030","570","10.44","5611014","32743271010"
"106240","파인테크닉스","11150","11050","-100","-0.90","13080981","153002416950"
"131760","파인텍","1100","1210","110","10.00","4336125","5074157580"
"065690","파커스","2595","2790","195","7.51","281165","750400410"
"140860","파크시스템스","97500","96900","-600","-0.62","563341","54332730000"
"091700","파트론","8560","8740","180","2.10","10132974","85427564010"
"202960","판도라티비","1385","1885","500","36.10","65452","107852935"
"032800","판타지오","640","759","119","18.59","10953604","8414131968"
"318010","팜스빌","12500","13600","1100","8.80","439017","5633307050"
"036580","팜스코","4985","5340","355","7.12","2352908","11825374395"
"027710","팜스토리","2825","2435","-390","-13.81","44293390","115934623235"
"004720","팜젠사이언스","7640","7780","140","1.83","4925858","41230923440"
"225590","패션플랫폼","1440","1605","165","11.46","14600110","24413583235"
"054300","팬스타엔터프라이즈","727","743","16","2.20","3244928","2330194192"
"068050","팬엔터테인먼트","3380","3760","380","11.24","4014670","14897286650"
"028670","팬오션","5590","5710","120","2.15","53863202","295992325670"
"222110","팬젠","6610","7410","800","12.10","509611","3887720330"
"010820","퍼스텍","3350","3980","630","18.81","98516991","387607121335"
"016800","퍼시스","32950","31650","-1300","-3.95","87180","2773947700"
"263750","펄어비스","52600","59400","6800","12.93","8583998","474304569400"
"251970","펌텍코리아","14900","16200","1300","8.72","294452","4648183900"
"001020","페이퍼코리아","1840","1785","-55","-2.99","10345293","18028801890"
"327610","펨토바이오메드","13900","13600","-300","-2.16","19946","280726700"
"087010","펩트론","10250","9320","-930","-9.07","1602113","15555992390"
"090080","평화산업","1380","1710","330","23.91","88661068","162027248015"
"010770","평화홀딩스","3300","3720","420","12.73","5064042","20792693855"
"119500","포메탈","4710","5230","520","11.04","7193351","36691015010"
"389140","포바이포","21650","20050","-1600","-7.39","18846312","436748124750"
"022100","포스코 ICT","5260","6100","840","15.97","16079101","91242838795"
"058430","포스코스틸리온","33450","39800","6350","18.98","1581831","59583072250"
"009520","포스코엠텍","5520","7240","1720","31.16","82293146","557806193200"
"047050","포스코인터내셔널","18350","22500","4150","22.62","15611530","309035413900"
"003670","포스코케미칼","109000","159500","50500","46.33","16003471","2155887470000"
"189690","포시에스","7320","7270","-50","-0.68","551210","3917977510"
"318020","포인트모바일","18100","18100","0","0.00","0","0"
"256630","포인트엔지니어링","2700","2545","-155","-5.74","948204","2459602695"
"331380","포커스에이치엔에스","2490","2580","90","3.61","1079769","2776206495"
"234100","폴라리스세원","2085","2380","295","14.15","48365946","115980124795"
"041020","폴라리스오피스","1360","1540","180","13.24","4155442","6396434465"
"114630","폴라리스우노","4045","4440","395","9.77","15421035","73341203865"
"290720","푸드나무","20350","24650","4300","21.13","1283352","30305224200"
"005670","푸드웰","6200","6950","750","12.10","4370203","31171730320"
"094940","푸른기술","8150","8510","360","4.42","1913844","15995531180"
"007330","푸른저축은행","8670","10450","1780","20.53","6035987","64260310040"
"017810","풀무원","12550","14600","2050","16.33","1545185","20817740800"
"093380","풍강","4070","4350","280","6.88","721896","3033064855"
"023900","풍국주정","15100","15500","400","2.65","378957","5756436200"
"103140","풍산","24150","27900","3750","15.53","2582981","67282850950"
"005810","풍산홀딩스","25000","28150","3150","12.60","429893","11354546450"
"371950","풍원정밀","15300","13750","-1550","-10.13","1666302","24962382850"
"370090","퓨런티어","30700","27700","-3000","-9.77","9614127","271168921650"
"220100","퓨쳐켐","16950","16200","-750","-4.42","2156323","35137692250"
"035200","프럼파스트","4235","4695","460","10.86","8701386","40802112870"
"334970","프레스티지바이오로직스","4480","4655","175","3.91","16677212","82307217830"
"950210","프레스티지바이오파마","11750","12000","250","2.13","3525737","43833903500"
"203690","프로스테믹스","2370","2035","-335","-14.14","3760197","7822453295"
"321260","프로이천","2020","2320","300","14.85","13645835","31518845640"
"303360","프로테옴텍","4490","6350","1860","41.43","70212","400159700"
"053610","프로텍","22250","24750","2500","11.24","1112292","26543222050"
"377220","프롬바이오","8640","9960","1320","15.28","24868143","243547623460"
"335810","프리시젼바이오","7190","8080","890","12.38","2901653","24070243130"
"053160","프리엠스","9620","9040","-580","-6.03","1882179","17788892410"
"041590","플래스크","1515","2135","620","40.92","35894070","65054589145"
"367000","플래티어","12550","13250","700","5.58","777298","10098821550"
"075130","플랜티넷","2700","2980","280","10.37","1054786","2995337525"
"222670","플럼라인생명과학","5140","5390","250","4.86","6954","36331430"
"009810","플레이그램","1220","1080","-140","-11.48","31449508","43922204075"
"237820","플레이디","5340","5970","630","11.80","1256394","7531935810"
"023770","플레이위드","8620","8540","-80","-0.93","2468575","21181543370"
"300080","플리토","30400","40950","10550","34.70","400357","15046134400"
"150440","피노텍","994","994","0","0.00","0","0"
"032580","피델릭스","1450","1615","165","11.38","11136086","17789688700"
"051380","피씨디렉트","14750","13900","-850","-5.76","4985161","82036972250"
"241820","피씨엘","21800","18500","-3300","-15.14","2536460","58240252600"
"237750","피앤씨테크","7630","6750","-880","-11.53","5460016","39806664190"
"024850","피에스엠씨","1025","1010","-15","-1.46","2008291","2049908021"
"319660","피에스케이","38800","35550","-3250","-8.38","3629230","136746832250"
"031980","피에스케이홀딩스","9140","8840","-300","-3.28","1457765","13468444670"
"002230","피에스텍","4200","4075","-125","-2.98","216576","904681340"
"057880","피에이치씨","1740","1740","0","0.00","0","0"
"043370","피에이치에이","7160","7180","20","0.28","1523637","11746867770"
"242350","피엔아이컴퍼니","5520","6300","780","14.13","70081","406967500"
"239890","피엔에이치테크","17350","16850","-500","-2.88","1129385","19881670500"
"347740","피엔케이피부임상연구센타","3925","6830","2905","74.01","51891140","470522417515"
"137400","피엔티","42200","53700","11500","27.25","5596902","257817280700"
"128660","피제이메탈","3900","4430","530","13.59","7639498","33272209510"
"006140","피제이전자","6250","7930","1680","26.88","5072631","39878727840"
"376180","피코그램","38500","51800","13300","34.55","20151932","915189119950"
"304840","피플바이오","8890","10000","1110","12.49","2957824","32587859290"
"062970","피피아이","2855","2930","75","2.63","420197","1194179470"
"087600","픽셀플러스","7860","8140","280","3.56","135382","1090312520"
"161580","필옵틱스","6950","7840","890","12.81","491701","3570010340"
"347770","핌스","13750","14050","300","2.18","619331","8558767950"
"163730","핑거","11850","12550","700","5.91","828612","10204671700"
"332710","하나금융14호스팩","2295","2295","0","0.00","0","0"
"341160","하나금융15호스팩","2280","2065","-215","-9.43","2073813","4346096655"
"343510","하나금융16호스팩","2200","2160","-40","-1.82","125068","272700990"
"388220","하나금융19호스팩","2140","2140","0","0.00","175813","376102375"
"400560","하나금융20호스팩","2280","2215","-65","-2.85","583169","1303928825"
"406760","하나금융21호스팩","2120","2115","-5","-0.24","157488","334544010"
"418170","하나금융22호스팩","2120","2115","-5","-0.24","237956","505826535"
"086790","하나금융지주","37200","39750","2550","6.85","33157203","1212656247165"
"299030","하나기술","51500","54800","3300","6.41","511048","27844271250"
"067310","하나마이크론","13200","12700","-500","-3.79","14477246","190555024200"
"372290","하나머스트7호스팩","2160","2150","-10","-0.46","235137","506236330"
"166090","하나머티리얼즈","43600","37400","-6200","-14.22","3991731","161518659050"
"293480","하나제약","17750","17900","150","0.85","314519","5580656500"
"039130","하나투어","53000","50000","-3000","-5.66","2876520","142857043850"
"136480","하림","3040","2995","-45","-1.48","21812444","64895402200"
"003380","하림지주","8340","8770","430","5.16","4936322","40405299230"
"365590","하이딥","1650","1755","105","6.36","24382072","41572500310"
"149980","하이로닉","7700","7620","-80","-1.04","3044679","22599005020"
"013030","하이록코리아","17100","22200","5100","29.82","2821783","55970670250"
"352820","하이브","164500","178000","13500","8.21","6452621","1089240957000"
"126700","하이비젼시스템","15250","16650","1400","9.18","2468795","39431345450"
"106080","하이소닉","5650","5650","0","0.00","0","0"
"071090","하이스틸","4260","4350","90","2.11","4403613","18448085420"
"377400","하이제6호스팩","2135","2165","30","1.41","244784","524570320"
"400840","하이제7호스팩","2130","2120","-10","-0.47","241529","513195130"
"221840","하이즈항공","4000","4160","160","4.00","1114358","4576607370"
"106190","하이텍팜","10000","9980","-20","-0.20","139402","1376227310"
"019490","하이트론","2470","2470","0","0.00","0","0"
"000080","하이트진로","30650","31450","800","2.61","4794189","145015015900"
"000087","하이트진로2우B","19150","18900","-250","-1.31","39620","736002800"
"000140","하이트진로홀딩스","11250","11700","450","4.00","529051","6193783300"
"000145","하이트진로홀딩스우","14350","15100","750","5.23","3851","56493350"
"373200","하인크코리아","10150","7390","-2760","-27.19","23874884","192513696290"
"066130","하츠","6270","7830","1560","24.88","6645485","51567993900"
"152550","한국ANKOR유전","1570","1595","25","1.59","244521","384839390"
"004590","한국가구","5830","6600","770","13.21","11381267","70995853050"
"036460","한국가스공사","35150","38100","2950","8.39","6852272","244290595700"
"039340","한국경제TV","5900","6270","370","6.27","556666","3356666030"
"005430","한국공항","38400","39150","750","1.95","108546","4091502800"
"071050","한국금융지주","61600","61700","100","0.16","4439631","269657013000"
"071055","한국금융지주우","57900","56300","-1600","-2.76","137504","7713446600"
"034950","한국기업평가","73400","72600","-800","-1.09","24337","1744558800"
"010040","한국내화","3190","3365","175","5.49","626001","2018638420"
"025540","한국단자","51900","58200","6300","12.14","282657","15818638700"
"222980","한국맥널티","6220","6380","160","2.57","5207417","34287603110"
"331660","한국미라클피플사","15150","13000","-2150","-14.19","1525","20711400"
"256840","한국비엔씨","8370","11400","3030","36.20","149537842","1814728032300"
"004090","한국석유","11600","11600","0","0.00","2960790","33346457200"
"025550","한국선재","4305","5040","735","17.07","8965094","42291487090"
"002200","한국수출포장","22950","23800","850","3.70","107098","2403687450"
"002960","한국쉘석유","245500","248500","3000","1.22","18629","4556471000"
"017890","한국알콜","9730","11250","1520","15.62","3113092","32657654300"
"000240","한국앤컴퍼니","12000","13100","1100","9.17","2061334","25272074200"
"080720","한국유니온제약","7220","8230","1010","13.99","629231","4962332010"
"123890","한국자산신탁","3450","3495","45","1.30","2023217","6931411930"
"015760","한국전력","22200","21750","-450","-2.03","21675293","473458501650"
"063570","한국전자금융","5010","5220","210","4.19","1174729","5936092660"
"041460","한국전자인증","5650","6230","580","10.27","5716398","34916258500"
"006200","한국전자홀딩스","1385","1470","85","6.14","3556108","5038926030"
"101680","한국정밀기계","1440","1440","0","0.00","0","0"
"039740","한국정보공학","3795","4315","520","13.70","11954210","50755597495"
"053300","한국정보인증","5790","6050","260","4.49","3377615","20616664940"
"025770","한국정보통신","7540","10350","2810","37.27","17735369","182574375370"
"409570","한국제10호스팩","2165","2145","-20","-0.92","104295","224623635"
"009540","한국조선해양","83300","93500","10200","12.24","4028359","341882203100"
"023350","한국종합기술","7440","7880","440","5.91","12273843","90927369430"
"025890","한국주강","2740","2740","0","0.00","474030","1268825760"
"000970","한국주철관","8120","8310","190","2.34","2412893","20379282190"
"104700","한국철강","6710","7070","360","5.37","1155477","7888494840"
"017960","한국카본","13000","15200","2200","16.92","17952743","250116899350"
"023760","한국캐피탈","779","808","29","3.72","1991507","1582377514"
"054040","한국컴퓨터","3725","3955","230","6.17","1177300","4575028960"
"050540","한국코퍼레이션","822","822","0","0.00","0","0"
"161890","한국콜마","38600","37500","-1100","-2.85","2022232","77248057000"
"024720","한국콜마홀딩스","17300","17050","-250","-1.45","405974","7082157600"
"021650","한국큐빅","3010","3175","165","5.48","2133180","6895994200"
"161390","한국타이어앤테크놀로지","32750","39800","7050","21.53","7519065","263076835800"
"053590","한국테크놀로지","703","766","63","8.96","16764477","13106784713"
"034830","한국토지신탁","1670","1685","15","0.90","18839845","30241495350"
"007280","한국특강","2495","2440","-55","-2.20","1135663","2730967750"
"032300","한국파마","25750","31900","6150","23.88","18083894","660069258450"
"168490","한국패러랠","2135","2180","45","2.11","681721","1488054670"
"037230","한국팩키지","3105","3435","330","10.63","12388206","45328335945"
"010100","한국프랜지","2505","2670","165","6.59","1019161","2567116700"
"047810","한국항공우주","49450","55100","5650","11.43","38472827","2101479854700"
"123690","한국화장품","7210","7260","50","0.69","587107","4195996620"
"003350","한국화장품제조","22400","22100","-300","-1.34","135390","2940114150"
"030520","한글과컴퓨터","17150","16600","-550","-3.21","2654087","45781049150"
"052600","한네트","7080","7820","740","10.45","12962906","100659509990"
"011500","한농화성","12300","14450","2150","17.48","1621941","21421621850"
"002390","한독","17700","18450","750","4.24","306435","5565170150"
"256150","한독크린텍","11000","10800","-200","-1.82","445047","4783202350"
"014790","한라","4015","4770","755","18.80","12818362","57453732130"
"092460","한라IMS","5140","5740","600","11.67","1336739","7214085360"
"060980","한라홀딩스","36250","38350","2100","5.79","333306","12681699900"
"053690","한미글로벌","11550","12350","800","6.93","6393836","74617471900"
"042700","한미반도체","12850","12700","-150","-1.17","10547400","143939254450"
"008930","한미사이언스","41000","41850","850","2.07","1622785","66276504800"
"128940","한미약품","322500","319500","-3000","-0.93","677922","211544992000"
"047080","한빛소프트","3225","3440","215","6.67","1459376","4800145395"
"009240","한샘","60800","54300","-6500","-10.69","1513859","85247822400"
"020000","한섬","30750","29200","-1550","-5.04","1683720","50348098850"
"003680","한성기업","6290","6690","400","6.36","6459131","44174225430"
"105630","한세실업","16900","17200","300","1.78","6888097","115724459800"
"069640","한세엠케이","3370","3540","170","5.04","1038580","4021424980"
"016450","한세예스24홀딩스","5860","5820","-40","-0.68","374628","2194902700"
"010420","한솔PNS","1560","1675","115","7.37","1260814","2014315235"
"009180","한솔로지스틱스","3280","3480","200","6.10","5205585","17333299225"
"070590","한솔인티큐브","1910","1950","40","2.09","990980","1897993520"
"213500","한솔제지","13300","14850","1550","11.65","2731735","38784760850"
"014680","한솔케미칼","214000","214000","0","0.00","1025218","223680350500"
"004710","한솔테크닉스","5170","6190","1020","19.73","6084693","36894742225"
"004150","한솔홀딩스","3080","3420","340","11.04","1831065","5984115585"
"025750","한솔홈데코","1330","1435","105","7.89","11599051","16137820905"
"226440","한송네오텍","1530","1530","0","0.00","0","0"
"042520","한스바이오메드","10150","10700","550","5.42","243951","2582767450"
"004960","한신공영","12150","13100","950","7.82","2423952","29350273350"
"011700","한신기계","9080","9400","320","3.52","40704440","365007436770"
"078350","한양디지텍","12900","14150","1250","9.69","1738117","23436776950"
"045100","한양이엔지","14000","14850","850","6.07","1548822","22518945600"
"001750","한양증권","10450","11250","800","7.66","165848","1781253500"
"001755","한양증권우","15150","17000","1850","12.21","6630","104440400"
"018880","한온시스템","10000","11100","1100","11.00","11491619","119854244270"
"009420","한올바이오파마","17000","17100","100","0.59","3237465","54529213200"
"014130","한익스프레스","5210","5190","-20","-0.38","633841","3269512345"
"046110","한일네트웍스","12000","12450","450","3.75","461286","5619227650"
"024740","한일단조","2745","3350","605","22.04","54530625","180997489180"
"005860","한일사료","6910","5190","-1720","-24.89","42933383","267837422020"
"300720","한일시멘트","13900","15300","1400","10.07","5903744","92915897150"
"123840","한일진공","599","601","2","0.33","1485024","902432871"
"002220","한일철강","3920","4280","360","9.18","1278448","5148927705"
"006390","한일현대시멘트","22450","25200","2750","12.25","335410","8456392650"
"003300","한일홀딩스","10800","11250","450","4.17","59353","642360450"
"007770","한일화학","21700","20200","-1500","-6.91","2960390","61343665000"
"051600","한전KPS","38300","42100","3800","9.92","4487333","173497902100"
"052690","한전기술","68000","73500","5500","8.09","5465068","359038729000"
"130660","한전산업","10800","11000","200","1.85","4223088","44362964170"
"107640","한중엔시에스","11500","12950","1450","12.61","1899","22252350"
"002320","한진","28150","26600","-1550","-5.51","677399","18347339900"
"003480","한진중공업홀딩스","4125","4090","-35","-0.85","1378902","5541439765"
"180640","한진칼","59400","60700","1300","2.19","1239457","73633694100"
"18064K","한진칼우","33700","33400","-300","-0.89","30315","991738900"
"005110","한창","970","1160","190","19.59","211603003","236517273838"
"043090","한창바이오텍","1925","4610","2685","139.48","55203913","225625330300"
"079170","한창산업","7640","8510","870","11.39","12700082","117121867950"
"009460","한창제지","1635","1720","85","5.20","5513680","9461109925"
"086960","한컴MDS","12200","17100","4900","40.16","11811879","193862809900"
"372910","한컴라이프케어","5190","5490","300","5.78","3715173","20936658470"
"054920","한컴위드","4990","5320","330","6.61","8182494","45521796105"
"002680","한탑","2470","1875","-595","-24.09","28027025","58862512505"
"000880","한화","24750","30750","6000","24.24","8309596","228727149050"
"00088K","한화3우B","14100","15700","1600","11.35","1101740","16392099450"
"088350","한화생명","2170","2325","155","7.14","32230757","70963717030"
"000370","한화손해보험","4120","4930","810","19.66","15269196","73457208780"
"009830","한화솔루션","34600","46300","11700","33.82","56132582","2306641999350"
"009835","한화솔루션우","35550","49300","13750","38.68","2891543","139783824100"
"272210","한화시스템","12800","15250","2450","19.14","18384283","259891282200"
"012450","한화에어로스페이스","44600","69500","24900","55.83","39688723","2442713771450"
"000885","한화우","33300","37500","4200","12.61","33799","1217894300"
"003530","한화투자증권","3275","3375","100","3.05","21932641","72012927430"
"003535","한화투자증권우","7690","7450","-240","-3.12","227321","1675456520"
"386580","한화플러스제2호스팩","2205","2200","-5","-0.23","407568","894483240"
"195870","해성디에스","56900","56000","-900","-1.58","6315023","370754235200"
"034810","해성산업","10500","11850","1350","12.86","830666","8986606490"
"03481K","해성산업1우","14600","15950","1350","9.25","218480","3345310550"
"076610","해성옵틱스","827","756","-71","-8.59","10711139","8430123055"
"059270","해성티피씨","6280","7810","1530","24.36","11967734","95072901880"
"101530","해태제과식품","7060","7240","180","2.55","3475712","28470003180"
"220180","핸디소프트","4255","4160","-95","-2.23","13394838","67915569295"
"143210","핸즈코퍼레이션","4010","4145","135","3.37","351477","1455259220"
"900270","헝셩그룹","368","343","-25","-6.79","10024339","3524145658"
"214180","헥토이노베이션","14650","15250","600","4.10","484308","7335486200"
"234340","헥토파이낸셜","18950","22500","3550","18.73","985586","21123430000"
"084990","헬릭스미스","19650","18400","-1250","-6.36","3147478","58103281050"
"000720","현대건설","39550","46500","6950","17.57","12705381","533813441050"
"267270","현대건설기계","42600","40150","-2450","-5.75","4158830","162157980700"
"000725","현대건설우","70700","73300","2600","3.68","78167","5419004900"
"170030","현대공업","6940","7900","960","13.83","24497163","189909751490"
"005440","현대그린푸드","7720","7890","170","2.20","2668482","20472032540"
"086280","현대글로비스","180000","182000","2000","1.11","2225382","403309714000"
"042670","현대두산인프라코어","5320","5810","490","9.21","23880411","131470437680"
"064350","현대로템","19300","24900","5600","29.02","153513021","3773161224450"
"079430","현대리바트","11100","11600","500","4.50","631017","7139175700"
"012330","현대모비스","204500","224000","19500","9.54","4886640","1077945811408"
"319400","현대무벡스","3050","3200","150","4.92","23015791","73340704585"
"010620","현대미포조선","80500","107500","27000","33.54","6715262","627825155406"
"048410","현대바이오","24700","28900","4200","17.00","15227098","428269027200"
"052260","현대바이오랜드","11800","14900","3100","26.27","8065982","127965578200"
"069960","현대백화점","67100","67400","300","0.45","1336435","87757197400"
"004560","현대비앤지스틸","12650","14050","1400","11.07","1540076","20580465800"
"004565","현대비앤지스틸우","63300","60900","-2400","-3.79","5844","356518200"
"004310","현대약품","5840","5520","-320","-5.48","58804787","362201931030"
"322000","현대에너지솔루션","32200","55700","23500","72.98","17211860","822040439050"
"041440","현대에버다임","9650","8220","-1430","-14.82","29391972","260137069440"
"039010","현대에이치티","8140","8620","480","5.90","143478","1222657210"
"017800","현대엘리베이","26350","30000","3650","13.85","2577026","70955020300"
"307950","현대오토에버","113500","126000","12500","11.01","1261094","157096668000"
"011210","현대위아","55600","69900","14300","25.72","5914600","376007440000"
"090850","현대이지웰","7580","7730","150","1.98","4404064","35250905800"
"267260","현대일렉트릭","23900","30500","6600","27.62","11476547","296049391350"
"004020","현대제철","32750","34450","1700","5.19","9140848","300916698650"
"329180","현대중공업","125500","140000","14500","11.55","5055821","642600786000"
"005380","현대차","178000","193000","15000","8.43","19883970","3794772078404"
"005387","현대차2우B","86400","92400","6000","6.94","1586669","146450847798"
"005389","현대차3우B","83600","88600","5000","5.98","128497","11386892100"
"005385","현대차우","87000","91900","4900","5.63","916122","84427336900"
"001500","현대차증권","9670","10500","830","8.58","744396","7610328790"
"011760","현대코퍼레이션","15500","17450","1950","12.58","1212292","19894648850"
"227840","현대코퍼레이션홀딩스","10500","11550","1050","10.00","463984","5053875650"
"126560","현대퓨처넷","2505","2855","350","13.97","28341727","85009117425"
"001450","현대해상","30650","33550","2900","9.46","7512788","246120669150"
"057050","현대홈쇼핑","50700","51300","600","1.18","209099","10681812050"
"092300","현우산업","4340","4735","395","9.10","16706691","77619790835"
"138360","협진","4480","4480","0","0.00","0","0"
"011080","형지I&C","872","700","-172","-19.72","3391264","2798681485"
"093240","형지엘리트","1595","1715","120","7.52","8023718","13784969875"
"003010","혜인","8530","7930","-600","-7.03","15093011","117711924350"
"111110","호전실업","8290","9050","760","9.17","751715","6561175460"
"008770","호텔신라","69700","72500","2800","4.02","4120529","289990167900"
"008775","호텔신라우","56800","59600","2800","4.93","35475","2079076200"
"060560","홈센타홀딩스","1270","1480","210","16.54","93749491","131041634040"
"064240","홈캐스트","3575","4890","1315","36.78","5198552","20917481975"
"039610","화성밸브","5340","6770","1430","26.78","17645430","119888483140"
"002460","화성산업","18850","17500","-1350","-7.16","1203392","21103005000"
"378850","화승알앤에이","3470","3480","10","0.29","834672","2849402625"
"241590","화승엔터프라이즈","11750","12200","450","3.83","3754154","44602220650"
"006060","화승인더","4665","5040","375","8.04","2658296","13030471180"
"013520","화승코퍼레이션","1525","1480","-45","-2.95","2856264","4083384455"
"010690","화신","8780","9960","1180","13.44","20130268","198886161950"
"126640","화신정공","1610","1755","145","9.01","8013910","13640452845"
"133820","화인베스틸","2605","3000","395","15.16","3411469","8906473735"
"061250","화일약품","2620","2695","75","2.86","47124374","138125260890"
"010660","화천기계","2570","3210","640","24.90","23923328","77905720710"
"000850","화천기공","31950","34250","2300","7.20","122766","4244007700"
"016580","환인제약","16750","17200","450","2.69","403309","6819796650"
"032560","황금에스티","7320","7760","440","6.01","2474019","18478784440"
"004800","효성","76500","75400","-1100","-1.44","898005","66870619100"
"094280","효성ITX","14300","15000","700","4.90","161230","2383157800"
"097870","효성오앤비","9760","9750","-10","-0.10","4290561","40973685620"
"298040","효성중공업","57100","65600","8500","14.89","1053503","61780689200"
"298050","효성첨단소재","363500","424500","61000","16.78","897435","328196262748"
"298020","효성티앤씨","330000","342500","12500","3.79","769427","245948687000"
"298000","효성화학","176500","189500","13000","7.37","215390","38729611000"
"093370","후성","17700","15800","-1900","-10.73","58764377","995714663650"
"081660","휠라홀딩스","28500","30000","1500","5.26","4517959","133790528700"
"290270","휴네시온","4185","4430","245","5.85","250781","1092323575"
"005870","휴니드","7100","8080","980","13.80","3845129","29397051140"
"353190","휴럼","1170","1325","155","13.25","10384775","13492702390"
"090710","휴림로봇","3000","3170","170","5.67","405693056","1248404352035"
"205470","휴마시스","18300","18900","600","3.28","124329119","2623175056150"
"115160","휴맥스","3330","3760","430","12.91","13322418","50347217665"
"028080","휴맥스홀딩스","3380","3490","110","3.25","2140604","7878788870"
"032860","휴먼엔","3640","3640","0","0.00","0","0"
"200670","휴메딕스","21600","24350","2750","12.73","1039749","24745717050"
"212310","휴벡셀","6000","5950","-50","-0.83","37076","211954820"
"079980","휴비스","6270","6390","120","1.91","487655","3106680340"
"065510","휴비츠","10950","10650","-300","-2.74","6590232","73243808050"
"215090","휴센텍","1505","1505","0","0.00","0","0"
"005010","휴스틸","4390","4340","-50","-1.14","6624339","27137496380"
"263920","휴엠앤씨","4555","4555","0","0.00","0","0"
"243070","휴온스","35950","37950","2000","5.56","357391","13230277200"
"084110","휴온스글로벌","21800","22850","1050","4.82","1001051","23477200600"
"145020","휴젤","109800","129200","19400","17.67","2414999","303624219200"
"024060","흥구석유","6170","6260","90","1.46","1703002","10464109620"
"010240","흥국","6900","7180","280","4.06","993016","6776053700"
"189980","흥국에프엔비","2910","3195","285","9.79","12025357","38724077290"
"000540","흥국화재","3190","3390","200","6.27","2945959","9473984150"
"000547","흥국화재2우B","22700","22150","-550","-2.42","13346","288922800"
"000545","흥국화재우","7070","7170","100","1.41","17935","126062930"
"003280","흥아해운","2095","1830","-265","-12.65","12589550","23239909905"
"037440","희림","8100","10050","1950","24.07","75297498","681522880260"
"238490","힘스","6240","7670","1430","22.92","3846746","29775651270"